  -1.00000000       9.02425664E-36
 -0.998000026       1.24235691E-35
 -0.995999992       1.70925287E-35
 -0.994000018       2.35007264E-35
 -0.991999984       3.22912287E-35
 -0.990000010       4.43410732E-35
 -0.987999976       6.08493790E-35
 -0.986000001       8.34489983E-35
 -0.984000027       1.14368850E-34
 -0.981999993       1.56647238E-34
 -0.980000019       2.14415427E-34
 -0.977999985       2.93301544E-34
 -0.976000011       4.00947669E-34
 -0.973999977       5.47762965E-34
 -0.972000003       7.47846889E-34
 -0.970000029       1.02036225E-33
 -0.967999995       1.39130088E-33
 -0.966000021       1.89587366E-33
 -0.963999987       2.58180087E-33
 -0.962000012       3.51359045E-33
 -0.959999979       4.77867841E-33
 -0.958000004       6.49505518E-33
 -0.955999970       8.82232167E-33
 -0.953999996       1.19757109E-32
 -0.952000022       1.62458095E-32
 -0.949999988       2.20246866E-32
 -0.948000014       2.98396097E-32
 -0.945999980       4.04021875E-32
 -0.944000006       5.46682221E-32
 -0.941999972       7.39242125E-32
 -0.939999998       9.98987644E-32
 -0.938000023       1.34913450E-31
 -0.935999990       1.82086873E-31
 -0.934000015       2.45593613E-31
 -0.931999981       3.31042555E-31
 -0.930000007       4.45928907E-31
 -0.927999973       6.00310201E-31
 -0.925999999       8.07608441E-31
 -0.924000025       1.08580291E-30
 -0.921999991       1.45890200E-30
 -0.920000017       1.95893312E-30
 -0.917999983       2.62870216E-30
 -0.916000009       3.52515484E-30
 -0.913999975       4.72436408E-30
 -0.912000000       6.32737426E-30
 -0.909999967       8.46893312E-30
 -0.907999992       1.13281461E-29
 -0.906000018       1.51428409E-29
 -0.903999984       2.02291451E-29
 -0.902000010       2.70067739E-29
 -0.899999976       3.60320999E-29
 -0.898000002       4.80424097E-29
 -0.896000028       6.40154738E-29
 -0.893999994       8.52445904E-29
 -0.892000020       1.13441089E-28
 -0.889999986       1.50868625E-28
 -0.888000011       2.00514513E-28
 -0.885999978       2.66327511E-28
 -0.884000003       3.53515082E-28
 -0.881999969       4.68946367E-28
 -0.879999995       6.21667845E-28
 -0.878000021       8.23598037E-28
 -0.875999987       1.09042860E-27
 -0.874000013       1.44277681E-27
 -0.871999979       1.90776303E-27
 -0.870000005       2.52098163E-27
 -0.868000031       3.32917521E-27
 -0.865999997       4.39368137E-27
 -0.863999963       5.79487168E-27
 -0.861999989       7.63799087E-27
 -0.860000014       1.00608439E-26
 -0.857999980       1.32438129E-26
 -0.856000006       1.74226156E-26
 -0.853999972       2.29054407E-26
 -0.851999998       3.00941653E-26
 -0.850000024       3.95136945E-26
 -0.847999990       5.18487088E-26
 -0.845999956       6.79910216E-26
 -0.843999982       8.91012106E-26
 -0.842000008       1.16691424E-25
 -0.839999974       1.52727046E-25
 -0.838000000       1.99762803E-25
 -0.835999966       2.61118901E-25
 -0.833999991       3.41098919E-25
 -0.832000017       4.45291125E-25
 -0.829999983       5.80941921E-25
 -0.828000009       7.57428151E-25
 -0.825999975       9.86904534E-25
 -0.824000001       1.28507128E-24
 -0.822000027       1.67225535E-24
 -0.819999993       2.17470985E-24
 -0.817999959       2.82633322E-24
 -0.815999985       3.67082578E-24
 -0.814000010       4.76461179E-24
 -0.811999977       6.18037178E-24
 -0.810000002       8.01164453E-24
 -0.807999969       1.03789585E-23
 -0.805999994       1.34370591E-23
 -0.804000020       1.73851312E-23
 -0.801999986       2.24789007E-23
 -0.800000012       2.90462814E-23
 -0.797999978       3.75087552E-23
 -0.796000004       4.84055054E-23
 -0.793999970       6.24283568E-23
 -0.791999996       8.04610482E-23
 -0.789999962       1.03637712E-22
 -0.787999988       1.33403321E-22
 -0.786000013       1.71608498E-22
 -0.783999979       2.20614608E-22
 -0.782000005       2.83432574E-22
 -0.779999971       3.63908250E-22
 -0.777999997       4.66928916E-22
 -0.776000023       5.98732654E-22
 -0.773999989       7.67252730E-22
 -0.771999955       9.82578587E-22
 -0.769999981       1.25751880E-21
 -0.768000007       1.60836647E-21
 -0.765999973       2.05579848E-21
 -0.763999999       2.62599815E-21
 -0.761999965       3.35222597E-21
 -0.759999990       4.27652013E-21
 -0.758000016       5.45219097E-21
 -0.755999982       6.94666925E-21
 -0.754000008       8.84505441E-21
 -0.751999974       1.12551017E-20
 -0.750000000       1.43125930E-20
 -0.748000026       1.81890037E-20
 -0.745999992       2.31006649E-20
 -0.743999958       2.93198498E-20
 -0.741999984       3.71892422E-20
 -0.740000010       4.71407258E-20
 -0.737999976       5.97175288E-20
 -0.736000001       7.56001204E-20
 -0.733999968       9.56470106E-20
 -0.731999993       1.20930833E-19
 -0.730000019       1.52800939E-19
 -0.727999985       1.92947852E-19
 -0.725999951       2.43486895E-19
 -0.723999977       3.07066814E-19
 -0.722000003       3.86997845E-19
 -0.720000029       4.87426567E-19
 -0.717999995       6.13526271E-19
 -0.715999961       7.71750930E-19
 -0.713999987       9.70162504E-19
 -0.712000012       1.21879831E-18
 -0.709999979       1.53018580E-18
 -0.707999945       1.91989820E-18
 -0.705999970       2.40731106E-18
 -0.703999996       3.01652028E-18
 -0.702000022       3.77750721E-18
 -0.699999988       4.72745756E-18
 -0.697999954       5.91250711E-18
 -0.695999980       7.38985209E-18
 -0.694000006       9.23041995E-18
 -0.691999972       1.15221139E-17
 -0.689999998       1.43734576E-17
 -0.687999964       1.79191309E-17
 -0.685999990       2.23249777E-17
 -0.684000015       2.77962861E-17
 -0.681999981       3.45865721E-17
 -0.679999948       4.30082336E-17
 -0.677999973       5.34458533E-17
 -0.675999999       6.63740179E-17
 -0.674000025       8.23766077E-17
 -0.671999991       1.02173045E-16
 -0.669999957       1.26645216E-16
 -0.667999983       1.56877702E-16
 -0.666000009       1.94202738E-16
 -0.663999975       2.40256131E-16
 -0.661999941       2.97041352E-16
 -0.659999967       3.67009873E-16
 -0.657999992       4.53169032E-16
 -0.656000018       5.59196435E-16
 -0.653999984       6.89596733E-16
 -0.651999950       8.49857326E-16
 -0.649999976       1.04669100E-15
 -0.648000002       1.28828227E-15
 -0.646000028       1.58462024E-15
 -0.643999994       1.94789710E-15
 -0.641999960       2.39292207E-15
 -0.639999986       2.93771334E-15
 -0.638000011       3.60422556E-15
 -0.635999978       4.41915723E-15
 -0.633999944       5.41489867E-15
 -0.631999969       6.63071494E-15
 -0.629999995       8.11431898E-15
 -0.628000021       9.92351360E-15
 -0.625999987       1.21284098E-14
 -0.623999953       1.48137135E-14
 -0.621999979       1.80818969E-14
 -0.620000005       2.20569650E-14
 -0.617999971       2.68888661E-14
 -0.615999997       3.27580777E-14
 -0.613999963       3.98831359E-14
 -0.611999989       4.85264566E-14
 -0.610000014       5.90053248E-14
 -0.607999980       7.17014542E-14
 -0.605999947       8.70737469E-14
 -0.603999972       1.05673195E-13
 -0.601999998       1.28163918E-13
 -0.600000024       1.55341831E-13
 -0.597999990       1.88163070E-13
 -0.595999956       2.27774180E-13
 -0.593999982       2.75544751E-13
 -0.592000008       3.33121876E-13
 -0.589999974       4.02474413E-13
 -0.587999940       4.85954864E-13
 -0.585999966       5.86371392E-13
 -0.583999991       7.07084402E-13
 -0.582000017       8.52103381E-13
 -0.579999983       1.02621286E-12
 -0.577999949       1.23510859E-12
 -0.575999975       1.48556894E-12
 -0.574000001       1.78567057E-12
 -0.571999967       2.14503740E-12
 -0.569999993       2.57506126E-12
 -0.567999959       3.08933695E-12
 -0.565999985       3.70393169E-12
 -0.564000010       4.43794957E-12
 -0.561999977       5.31406386E-12
 -0.559999943       6.35904610E-12
 -0.557999969       7.60462960E-12
 -0.555999994       9.08834813E-12
 -0.554000020       1.08546349E-11
 -0.551999986       1.29559610E-11
 -0.549999952       1.54541414E-11
 -0.547999978       1.84222134E-11
 -0.546000004       2.19462122E-11
 -0.543999970       2.61277180E-11
 -0.541999936       3.10860782E-11
 -0.539999962       3.69614964E-11
 -0.537999988       4.39193265E-11
 -0.536000013       5.21535003E-11
 -0.533999979       6.18922483E-11
 -0.531999946       7.34024785E-11
 -0.529999971       8.69971803E-11
 -0.527999997       1.03043671E-10
 -0.525999963       1.21972654E-10
 -0.523999989       1.44285806E-10
 -0.521999955       1.70572140E-10
 -0.519999981       2.01517039E-10
 -0.518000007       2.37924291E-10
 -0.515999973       2.80730716E-10
 -0.513999939       3.31026512E-10
 -0.511999965       3.90081772E-10
 -0.509999990       4.59378868E-10
 -0.508000016       5.40639811E-10
 -0.505999982       6.35870079E-10
 -0.503999949       7.47398310E-10
 -0.501999974       8.77921735E-10
 -0.500000000       1.03057685E-09
 -0.497999966       1.20901000E-09
 -0.495999992       1.41742029E-09
 -0.493999958       1.66070446E-09
 -0.491999984       1.94449168E-09
 -0.489999950       2.27532371E-09
 -0.487999976       2.66073164E-09
 -0.486000001       3.10942916E-09
 -0.483999968       3.63147956E-09
 -0.481999993       4.23846114E-09
 -0.479999959       4.94373609E-09
 -0.477999985       5.76266324E-09
 -0.475999951       6.71297951E-09
 -0.473999977       7.81495757E-09
 -0.472000003       9.09203823E-09
 -0.469999969       1.05710756E-08
 -0.467999995       1.22827934E-08
 -0.465999961       1.42626195E-08
 -0.463999987       1.65508940E-08
 -0.461999953       1.91940988E-08
 -0.459999979       2.22450840E-08
 -0.457999945       2.57646189E-08
 -0.455999970       2.98218232E-08
 -0.453999996       3.44958799E-08
 -0.451999962       3.98770972E-08
 -0.449999988       4.60680560E-08
 -0.447999954       5.31863762E-08
 -0.445999980       6.13650286E-08
 -0.443999946       7.07563785E-08
 -0.441999972       8.15324199E-08
 -0.439999998       9.38895184E-08
 -0.437999964       1.08050713E-07
 -0.435999990       1.24267800E-07
 -0.433999956       1.42827986E-07
 -0.431999981       1.64054612E-07
 -0.429999948       1.88316235E-07
 -0.427999973       2.16026322E-07
 -0.425999999       2.47655549E-07
 -0.423999965       2.83735204E-07
 -0.421999991       3.24861617E-07
 -0.419999957       3.71712986E-07
 -0.417999983       4.25047119E-07
 -0.415999949       4.85724684E-07
 -0.413999975       5.54707583E-07
 -0.412000000       6.33081015E-07
 -0.409999967       7.22068933E-07
 -0.407999992       8.23009714E-07
 -0.405999959       9.37498442E-07
 -0.403999984       1.06724951E-06
 -0.401999950       1.21410255E-06
 -0.399999976       1.38033749E-06
 -0.397999942       1.56833596E-06
 -0.395999968       1.78078824E-06
 -0.393999994       2.02067827E-06
 -0.391999960       2.29148759E-06
 -0.389999986       2.59691888E-06
 -0.387999952       2.94108236E-06
 -0.385999978       3.32883769E-06
 -0.383999944       3.76521689E-06
 -0.381999969       4.25608368E-06
 -0.379999995       4.80798553E-06
 -0.377999961       5.42779389E-06
 -0.375999987       6.12380472E-06
 -0.373999953       6.90446313E-06
 -0.371999979       7.77945934E-06
 -0.369999945       8.76026752E-06
 -0.367999971       9.85796487E-06
 -0.365999997       1.10861720E-05
 -0.363999963       1.24591515E-05
 -0.361999989       1.39937501E-05
 -0.359999955       1.57069717E-05
 -0.357999980       1.76179583E-05
 -0.355999947       1.97500485E-05
 -0.353999972       2.21251594E-05
 -0.351999998       2.47695170E-05
 -0.349999964       2.77127765E-05
 -0.347999990       3.09853967E-05
 -0.345999956       3.46230263E-05
 -0.343999982       3.86617030E-05
 -0.341999948       4.31432090E-05
 -0.339999974       4.81144671E-05
 -0.337999940       5.36221160E-05
 -0.335999966       5.97235412E-05
 -0.333999991       6.64733307E-05
 -0.331999958       7.39397583E-05
 -0.329999983       8.21914000E-05
 -0.327999949       9.13055846E-05
 -0.325999975       1.01361300E-04
 -0.323999941       1.12451853E-04
 -0.321999967       1.24674218E-04
 -0.319999993       1.38135205E-04
 -0.317999959       1.52947265E-04
 -0.315999985       1.69236155E-04
 -0.313999951       1.87139129E-04
 -0.311999977       2.06795099E-04
 -0.309999943       2.28365418E-04
 -0.307999969       2.52017926E-04
 -0.305999994       2.77932064E-04
 -0.303999960       3.06307105E-04
 -0.301999986       3.37351550E-04
 -0.299999952       3.71291535E-04
 -0.297999978       4.08368942E-04
 -0.295999944       4.48843144E-04
 -0.293999970       4.92991356E-04
 -0.291999996       5.41107205E-04
 -0.289999962       5.93512901E-04
 -0.287999988       6.50540402E-04
 -0.285999954       7.12551235E-04
 -0.283999979       7.79923808E-04
 -0.281999946       8.53067497E-04
 -0.279999971       9.32405936E-04
 -0.277999938       1.01839879E-03
 -0.275999963       1.11152057E-03
 -0.273999989       1.21228071E-03
 -0.271999955       1.32121635E-03
 -0.269999981       1.43888139E-03
 -0.267999947       1.56587537E-03
 -0.265999973       1.70280493E-03
 -0.263999939       1.85032992E-03
 -0.261999965       2.00911448E-03
 -0.259999990       2.17986386E-03
 -0.257999957       2.36332696E-03
 -0.255999982       2.56024394E-03
 -0.253999949       2.77142390E-03
 -0.251999974       2.99766334E-03
 -0.249999940       3.23982397E-03
 -0.247999966       3.49875772E-03
 -0.245999992       3.77535494E-03
 -0.243999958       4.07054368E-03
 -0.241999984       4.38523851E-03
 -0.239999950       4.72040521E-03
 -0.237999976       5.07699605E-03
 -0.235999942       5.45601407E-03
 -0.233999968       5.85842878E-03
 -0.231999993       6.28523994E-03
 -0.229999959       6.73747482E-03
 -0.227999985       7.21609592E-03
 -0.225999951       7.72217615E-03
 -0.223999977       8.25664960E-03
 -0.221999943       8.82056169E-03
 -0.219999969       9.41484235E-03
 -0.217999935       1.00405011E-02
 -0.215999961       1.06984908E-02
 -0.213999987       1.13896681E-02
 -0.211999953       1.21150417E-02
 -0.209999979       1.28753921E-02
 -0.207999945       1.36716161E-02
 -0.205999970       1.45045109E-02
 -0.203999937       1.53748151E-02
 -0.201999962       1.62833557E-02
 -0.199999988       1.72306281E-02
 -0.197999954       1.82174817E-02
 -0.195999980       1.92443822E-02
 -0.193999946       2.03119311E-02
 -0.191999972       2.14207023E-02
 -0.189999938       2.25709397E-02
 -0.187999964       2.37633102E-02
 -0.185999990       2.49979198E-02
 -0.183999956       2.62752604E-02
 -0.181999981       2.75954120E-02
 -0.179999948       2.89587174E-02
 -0.177999973       3.03652454E-02
 -0.175999939       3.18150595E-02
 -0.173999965       3.33084166E-02
 -0.171999931       3.48449722E-02
 -0.169999957       3.64249907E-02
 -0.167999983       3.80482934E-02
 -0.165999949       3.97146009E-02
 -0.163999975       4.14241292E-02
 -0.161999941       4.31761630E-02
 -0.159999967       4.49707434E-02
 -0.157999933       4.68077175E-02
 -0.155999959       4.86864671E-02
 -0.153999984       5.06069325E-02
 -0.151999950       5.25684170E-02
 -0.149999976       5.45708537E-02
 -0.147999942       5.66138513E-02
 -0.145999968       5.86963892E-02
 -0.143999934       6.08188324E-02
 -0.141999960       6.29799888E-02
 -0.139999986       6.51797876E-02
 -0.137999952       6.74176887E-02
 -0.135999978       6.96926117E-02
 -0.133999944       7.20050111E-02
 -0.131999969       7.43530318E-02
 -0.129999936       7.67375305E-02
 -0.127999961       7.91568831E-02
 -0.125999987       8.16108957E-02
 -0.123999953       8.40990841E-02
 -0.121999979       8.66208971E-02
 -0.119999945       8.91750380E-02
 -0.117999971       9.17619988E-02
 -0.115999937       9.43803415E-02
 -0.113999963       9.70296636E-02
 -0.111999929       9.97097045E-02
 -0.109999955      0.102419727    
 -0.107999980      0.105158746    
 -0.105999947      0.107926525    
 -0.103999972      0.110722363    
 -0.101999938      0.113546178    
  -9.99999642E-02  0.116396569    
  -9.79999304E-02  0.119273193    
  -9.59999561E-02  0.122175515    
  -9.39999819E-02  0.125103444    
  -9.19999480E-02  0.128056064    
  -8.99999738E-02  0.131032318    
  -8.79999399E-02  0.134032518    
  -8.59999657E-02  0.137055501    
  -8.39999318E-02  0.140100434    
  -8.19999576E-02  0.143167958    
  -7.99999833E-02  0.146256462    
  -7.79999495E-02  0.149365991    
  -7.59999752E-02  0.152495801    
  -7.39999413E-02  0.155645594    
  -7.19999671E-02  0.158813491    
  -6.99999332E-02  0.162001267    
  -6.79999590E-02  0.165207401    
  -6.59999847E-02  0.168431014    
  -6.39999509E-02  0.171671525    
  -6.19999766E-02  0.174928427    
  -5.99999428E-02  0.178202823    
  -5.79999685E-02  0.181492805    
  -5.59999347E-02  0.184797376    
  -5.39999604E-02  0.188117057    
  -5.19999266E-02  0.191451162    
  -4.99999523E-02  0.194799587    
  -4.79999781E-02  0.198161379    
  -4.59999442E-02  0.201535642    
  -4.39999700E-02  0.204923585    
  -4.19999361E-02  0.208321899    
  -3.99999619E-02  0.211734399    
  -3.79999280E-02  0.215156287    
  -3.59999537E-02  0.218588784    
  -3.39999795E-02  0.222033486    
  -3.19999456E-02  0.225486562    
  -2.99999714E-02  0.228949055    
  -2.79999375E-02  0.232421800    
  -2.59999633E-02  0.235903502    
  -2.39999294E-02  0.239392564    
  -2.19999552E-02  0.242889702    
  -1.99999809E-02  0.246392995    
  -1.79999471E-02  0.249903992    
  -1.59999728E-02  0.253424883    
  -1.39999390E-02  0.256950229    
  -1.19999647E-02  0.260477155    
  -9.99993086E-03  0.264013499    
  -7.99995661E-03  0.267555505    
  -5.99998236E-03  0.271100134    
  -3.99994850E-03  0.274646580    
  -1.99997425E-03  0.278201252    
   0.00000000      0.281758904    
   2.00009346E-03  0.285316288    
   4.00006771E-03  0.288876861    
   6.00004196E-03  0.292439014    
   8.00001621E-03  0.296004027    
   9.99999046E-03  0.299574226    
   1.20000839E-02  0.303140938    
   1.40000582E-02  0.306702733    
   1.60000324E-02  0.310267776    
   1.80000067E-02  0.313837588    
   2.00001001E-02  0.317404419    
   2.20000744E-02  0.320965171    
   2.40000486E-02  0.324524105    
   2.60000229E-02  0.328082621    
   2.79999971E-02  0.331641138    
   3.00000906E-02  0.335195541    
   3.20000648E-02  0.338736147    
   3.40000391E-02  0.342274994    
   3.60000134E-02  0.345823705    
   3.80001068E-02  0.349360257    
   4.00000811E-02  0.352875084    
   4.20000553E-02  0.356389761    
   4.40000296E-02  0.359908283    
   4.60000038E-02  0.363411576    
   4.80000973E-02  0.366906404    
   5.00000715E-02  0.370402038    
   5.20000458E-02  0.373874903    
   5.40000200E-02  0.377317339    
   5.59999943E-02  0.380771488    
   5.80000877E-02  0.384245962    
   6.00000620E-02  0.387682348    
   6.20000362E-02  0.391060919    
   6.40000105E-02  0.394449294    
   6.60001040E-02  0.397865832    
   6.80000782E-02  0.401250392    
   7.00000525E-02  0.404584974    
   7.20000267E-02  0.407907784    
   7.40000010E-02  0.411227703    
   7.60000944E-02  0.414527833    
   7.80000687E-02  0.417809874    
   8.00000429E-02  0.421066642    
   8.20000172E-02  0.424287379    
   8.40001106E-02  0.427483201    
   8.60000849E-02  0.430664867    
   8.80000591E-02  0.433828205    
   9.00000334E-02  0.436954200    
   9.20000076E-02  0.440035820    
   9.40001011E-02  0.443088800    
   9.60000753E-02  0.446118414    
   9.80000496E-02  0.449116319    
  0.100000024      0.452076495    
  0.101999998      0.454988301    
  0.104000092      0.457848728    
  0.106000066      0.460670590    
  0.108000040      0.463458538    
  0.110000014      0.466196895    
  0.112000108      0.468871653    
  0.114000082      0.471484423    
  0.116000056      0.474044889    
  0.118000031      0.476555765    
  0.120000005      0.478979200    
  0.122000098      0.481289148    
  0.124000072      0.483611166    
  0.126000047      0.485955983    
  0.128000021      0.487851262    
  0.129999995      0.489435881    
  0.132000089      0.492153615    
  0.134000063      0.494978487    
  0.136000037      0.493948430    
  0.138000011      0.493295252    
  0.140000105      0.502445817    
  0.142000079      0.507436991    
  0.144000053      0.488814771    
  0.146000028      0.483898789    
  0.148000002      0.528380632    
  0.150000095      0.533964515    
  0.152000070      0.448131025    
  0.154000044      0.437667221    
  0.156000018      0.584785938    
  0.158000112      0.592115104    
  0.160000086      0.374290228    
  0.162000060      0.306921571    
  0.164000034      0.578033686    
  0.166000009      0.710157454    
  0.168000102      0.425628811    
  0.170000076      0.168135762    
  0.172000051      0.103605151    
  0.174000025       8.73866007E-02
  0.175999999       7.73665607E-02
  0.178000093       6.93214089E-02
  0.180000067       6.25398830E-02
  0.182000041       5.67005314E-02
  0.184000015       5.16000167E-02
  0.186000109       4.70974855E-02
  0.188000083       4.30902056E-02
  0.190000057       3.95003967E-02
  0.192000031       3.62672582E-02
  0.194000006       3.33426595E-02
  0.196000099       3.06874942E-02
  0.198000073       2.82694176E-02
  0.200000048       2.60614119E-02
  0.202000022       2.40407679E-02
  0.204000115       2.21879836E-02
  0.206000090       2.04862542E-02
  0.208000064       1.89210828E-02
  0.210000038       1.74797140E-02
  0.212000012       1.61509961E-02
  0.214000106       1.49249397E-02
  0.216000080       1.37927579E-02
  0.218000054       1.27465660E-02
  0.220000029       1.17793120E-02
  0.222000003       1.08846547E-02
  0.224000096       1.00567639E-02
  0.226000071       9.29046609E-03
  0.228000045       8.58101062E-03
  0.230000019       7.92411063E-03
  0.232000113       7.31572323E-03
  0.234000087       6.75230799E-03
  0.236000061       6.23050751E-03
  0.238000035       5.74727310E-03
  0.240000010       5.29979775E-03
  0.242000103       4.88544442E-03
  0.244000077       4.50186478E-03
  0.246000051       4.14683158E-03
  0.248000026       3.81828356E-03
  0.250000000       3.51432990E-03
  0.252000093       3.23318341E-03
  0.254000068       2.97323684E-03
  0.256000042       2.73296540E-03
  0.258000016       2.51095253E-03
  0.260000110       2.30587507E-03
  0.262000084       2.11653276E-03
  0.264000058       1.94178522E-03
  0.266000032       1.78057246E-03
  0.268000007       1.63191301E-03
  0.270000100       1.49488146E-03
  0.272000074       1.36864407E-03
  0.274000049       1.25239859E-03
  0.276000023       1.14541000E-03
  0.278000116       1.04698201E-03
  0.280000091       9.56488890E-04
  0.282000065       8.73329700E-04
  0.284000039       7.96951703E-04
  0.286000013       7.26840808E-04
  0.288000107       6.62513718E-04
  0.290000081       6.03533757E-04
  0.292000055       5.49483811E-04
  0.294000030       4.99983144E-04
  0.296000004       4.54672409E-04
  0.298000097       4.13219939E-04
  0.300000072       3.75325006E-04
  0.302000046       3.40701605E-04
  0.304000020       3.09084338E-04
  0.306000113       2.80231878E-04
  0.308000088       2.53917911E-04
  0.310000062       2.29936006E-04
  0.312000036       2.08091049E-04
  0.314000010       1.88206541E-04
  0.316000104       1.70114101E-04
  0.318000078       1.53666973E-04
  0.320000052       1.38724485E-04
  0.322000027       1.25158316E-04
  0.324000120       1.12848727E-04
  0.326000094       1.01686026E-04
  0.328000069       9.15697383E-05
  0.330000043       8.24072631E-05
  0.332000017       7.41163531E-05
  0.334000111       6.66169508E-05
  0.336000085       5.98386650E-05
  0.338000059       5.37167580E-05
  0.340000033       4.81896350E-05
  0.342000008       4.32052948E-05
  0.344000101       3.87105574E-05
  0.346000075       3.46620509E-05
  0.348000050       3.10180476E-05
  0.350000024       2.77388644E-05
  0.352000117       2.47906337E-05
  0.354000092       2.21413611E-05
  0.356000066       1.97629943E-05
  0.358000040       1.76293670E-05
  0.360000014       1.57151280E-05
  0.362000108       1.40001921E-05
  0.364000082       1.24647986E-05
  0.366000056       1.10902220E-05
  0.368000031       9.86120085E-06
  0.370000124       8.76263130E-06
  0.372000098       7.78185495E-06
  0.374000072       6.90604747E-06
  0.376000047       6.12501481E-06
  0.378000021       5.42900125E-06
  0.380000114       4.80876770E-06
  0.382000089       4.25686994E-06
  0.384000063       3.76580215E-06
  0.386000037       3.32923742E-06
  0.388000011       2.94148026E-06
  0.390000105       2.59710123E-06
  0.392000079       2.29167472E-06
  0.394000053       2.02087722E-06
  0.396000028       1.78088544E-06
  0.398000121       1.56841884E-06
  0.400000095       1.38042924E-06
  0.402000070       1.21419441E-06
  0.404000044       1.06724440E-06
  0.406000018       9.37544200E-07
  0.408000112       8.23054563E-07
  0.410000086       7.22063419E-07
  0.412000060       6.33079196E-07
  0.414000034       5.54704968E-07
  0.416000009       4.85722808E-07
  0.418000102       4.25043481E-07
  0.420000076       3.71709802E-07
  0.422000051       3.24860366E-07
  0.424000025       2.83733868E-07
  0.426000118       2.47653418E-07
  0.428000093       2.16024674E-07
  0.430000067       1.88314615E-07
  0.432000041       1.64053986E-07
  0.434000015       1.42827446E-07
  0.436000109       1.24266847E-07
  0.438000083       1.08049790E-07
  0.440000057       9.38891560E-08
  0.442000031       8.15321073E-08
  0.444000125       7.07555046E-08
  0.446000099       6.13645028E-08
  0.448000073       5.31858682E-08
  0.450000048       4.60677931E-08
  0.452000022       3.98768698E-08
  0.454000115       3.44955495E-08
  0.456000090       2.98215959E-08
  0.458000064       2.57644217E-08
  0.460000038       2.22449579E-08
  0.462000012       1.91939904E-08
  0.464000106       1.65507359E-08
  0.466000080       1.42624836E-08
  0.468000054       1.22827473E-08
  0.470000029       1.05710152E-08
  0.472000122       9.09195119E-09
  0.474000096       7.81489806E-09
  0.476000071       6.71291556E-09
  0.478000045       5.76262993E-09
  0.480000019       4.94371744E-09
  0.482000113       4.23842073E-09
  0.484000087       3.63145181E-09
  0.486000061       3.10941140E-09
  0.488000035       2.66071654E-09
  0.490000129       2.27529329E-09
  0.492000103       1.94447325E-09
  0.494000077       1.66068870E-09
  0.496000051       1.41741485E-09
  0.498000026       1.20900545E-09
  0.500000119       1.03056697E-09
  0.502000093       8.77911688E-10
  0.504000068       7.47391149E-10
  0.506000042       6.35867692E-10
  0.508000016       5.40639811E-10
  0.510000110       4.59373595E-10
  0.512000084       3.90078053E-10
  0.514000058       3.31023375E-10
  0.516000032       2.80729134E-10
  0.518000126       2.37922015E-10
  0.520000100       2.01515513E-10
  0.522000074       1.70570516E-10
  0.524000049       1.44284987E-10
  0.526000023       1.21971960E-10
  0.528000116       1.03042692E-10
  0.530000091       8.69963546E-11
  0.532000065       7.34017777E-11
  0.534000039       6.18920123E-11
  0.536000013       5.21535003E-11
  0.538000107       4.39189067E-11
  0.540000081       3.69611425E-11
  0.542000055       3.10857208E-11
  0.544000030       2.61276192E-11
  0.546000123       2.19459190E-11
  0.548000097       1.84219671E-11
  0.550000072       1.54540235E-11
  0.552000046       1.29558864E-11
  0.554000020       1.08546349E-11
  0.556000113       9.08826139E-12
  0.558000088       7.60455674E-12
  0.560000062       6.35898582E-12
  0.562000036       5.31403350E-12
  0.564000130       4.43789883E-12
  0.566000104       3.70388963E-12
  0.568000078       3.08930746E-12
  0.570000052       2.57505150E-12
  0.572000027       2.14502916E-12
  0.574000120       1.78565019E-12
  0.576000094       1.48554910E-12
  0.578000069       1.23509438E-12
  0.580000043       1.02620701E-12
  0.582000017       8.52103381E-13
  0.584000111       7.07076325E-13
  0.586000085       5.86364670E-13
  0.588000059       4.85948358E-13
  0.590000033       4.02472109E-13
  0.592000127       3.33118705E-13
  0.594000101       2.75541607E-13
  0.596000075       2.27771578E-13
  0.598000050       1.88162352E-13
  0.600000024       1.55341831E-13
  0.602000117       1.28162455E-13
  0.604000092       1.05672192E-13
  0.606000066       8.70725814E-14
  0.608000040       7.17010408E-14
  0.610000134       5.90046471E-14
  0.612000108       4.85259009E-14
  0.614000082       3.98826818E-14
  0.616000056       3.27578913E-14
  0.618000031       2.68887119E-14
  0.620000124       2.20567125E-14
  0.622000098       1.80816903E-14
  0.624000072       1.48135153E-14
  0.626000047       1.21283175E-14
  0.628000021       9.92351360E-15
  0.630000114       8.11421056E-15
  0.632000089       6.63063913E-15
  0.634000063       5.41483642E-15
  0.636000037       4.41914072E-15
  0.638000131       3.60418406E-15
  0.640000105       2.93766844E-15
  0.642000079       2.39288544E-15
  0.644000053       1.94788228E-15
  0.646000028       1.58462024E-15
  0.648000121       1.28826744E-15
  0.650000095       1.04667501E-15
  0.652000070       8.49847585E-16
  0.654000044       6.89591439E-16
  0.656000137       5.59190029E-16
  0.658000112       4.53163844E-16
  0.660000086       3.67005665E-16
  0.662000060       2.97037964E-16
  0.664000034       2.40255204E-16
  0.666000128       1.94200514E-16
  0.668000102       1.56875915E-16
  0.670000076       1.26643284E-16
  0.672000051       1.02172264E-16
  0.674000025       8.23766077E-17
  0.676000118       6.63732635E-17
  0.678000093       5.34450393E-17
  0.680000067       4.30077406E-17
  0.682000041       3.45863074E-17
  0.684000134       2.77958626E-17
  0.686000109       2.23247213E-17
  0.688000083       1.79188579E-17
  0.690000057       1.43734030E-17
  0.692000031       1.15220262E-17
  0.694000125       9.23031407E-18
  0.696000099       7.38976689E-18
  0.698000073       5.91241694E-18
  0.700000048       4.72742157E-18
  0.702000022       3.77750721E-18
  0.704000115       3.01648574E-18
  0.706000090       2.40727425E-18
  0.708000064       1.91986883E-18
  0.710000038       1.53017412E-18
  0.712000132       1.21877970E-18
  0.714000106       9.70147718E-19
  0.716000080       7.71742141E-19
  0.718000054       6.13519292E-19
  0.720000029       4.87426567E-19
  0.722000122       3.86993425E-19
  0.724000096       3.07062135E-19
  0.726000071       2.43483172E-19
  0.728000045       1.92947116E-19
  0.730000138       1.52798599E-19
  0.732000113       1.20928985E-19
  0.734000087       9.56455501E-20
  0.736000061       7.55998296E-20
  0.738000035       5.97168503E-20
  0.740000129       4.71400053E-20
  0.742000103       3.71886736E-20
  0.744000077       2.93194007E-20
  0.746000051       2.31004888E-20
  0.748000026       1.81890037E-20
  0.750000119       1.43123749E-20
  0.752000093       1.12549724E-20
  0.754000068       8.84502048E-21
  0.756000042       6.94661593E-21
  0.758000135       5.45210776E-21
  0.760000110       4.27645470E-21
  0.762000084       3.35217468E-21
  0.764000058       2.62597815E-21
  0.766000032       2.05578273E-21
  0.768000126       1.60834193E-21
  0.770000100       1.25749962E-21
  0.772000074       9.82567278E-22
  0.774000049       7.67246874E-22
  0.776000142       5.98721244E-22
  0.778000116       4.66921797E-22
  0.780000091       3.63901308E-22
  0.782000065       2.83430428E-22
  0.784000039       2.20612916E-22
  0.786000133       1.71605873E-22
  0.788000107       1.33401794E-22
  0.790000081       1.03635737E-22
  0.792000055       8.04607452E-23
  0.794000030       6.24278772E-23
  0.796000123       4.84047670E-23
  0.798000097       3.75083260E-23
  0.800000072       2.90461709E-23
  0.802000046       2.24786436E-23
  0.804000139       1.73847999E-23
  0.806000113       1.34368019E-23
  0.808000088       1.03787605E-23
  0.810000062       8.01158379E-24
  0.812000036       6.18030118E-24
  0.814000130       4.76452107E-24
  0.816000104       3.67076977E-24
  0.818000078       2.82629003E-24
  0.820000052       2.17470157E-24
  0.822000146       1.67222991E-24
  0.824000120       1.28505649E-24
  0.826000094       9.86889447E-25
  0.828000069       7.57422382E-25
  0.830000043       5.80939702E-25
  0.832000136       4.45284322E-25
  0.834000111       3.41093693E-25
  0.836000085       2.61113921E-25
  0.838000059       1.99761275E-25
  0.840000033       1.52725875E-25
  0.842000127       1.16688749E-25
  0.844000101       8.90998486E-26
  0.846000075       6.79899862E-26
  0.848000050       5.18483144E-26
  0.850000143       3.95129396E-26
  0.852000117       3.00935922E-26
  0.854000092       2.29050032E-26
  0.856000066       1.74224830E-26
  0.858000040       1.32437127E-26
  0.860000134       1.00606520E-26
  0.862000108       7.63784450E-27
  0.864000082       5.79478347E-27
  0.866000056       4.39366481E-27
  0.868000031       3.32917521E-27
  0.870000124       2.52094311E-27
  0.872000098       1.90774108E-27
  0.874000072       1.44276034E-27
  0.876000047       1.09042446E-27
  0.878000140       8.23582341E-28
  0.880000114       6.21658360E-28
  0.882000089       4.68939193E-28
  0.884000063       3.53512362E-28
  0.886000037       2.66325489E-28
  0.888000131       2.00510685E-28
  0.890000105       1.50865748E-28
  0.892000079       1.13440223E-28
  0.894000053       8.52439404E-29
  0.896000147       6.40140113E-29
  0.898000121       4.80416755E-29
  0.900000095       3.60312754E-29
  0.902000070       2.70063617E-29
  0.904000044       2.02289916E-29
  0.906000137       1.51424948E-29
  0.908000112       1.13278866E-29
  0.910000086       8.46886842E-30
  0.912000060       6.32732611E-30
  0.914000034       4.72432797E-30
  0.916000128       3.52510105E-30
  0.918000102       2.62864197E-30
  0.920000076       1.95891808E-30
  0.922000051       1.45889090E-30
  0.924000144       1.08578636E-30
  0.926000118       8.07596122E-31
  0.928000093       6.00296471E-31
  0.930000067       4.45925522E-31
  0.932000041       3.31037500E-31
  0.934000134       2.45589875E-31
  0.936000109       1.82084098E-31
  0.938000083       1.34913450E-31
  0.940000057       9.98980003E-32
  0.942000151       7.39225198E-32
  0.944000125       5.46669702E-32
  0.946000099       4.04015704E-32
  0.948000073       2.98393834E-32
  0.950000048       2.20245191E-32
  0.952000141       1.62455626E-32
  0.954000115       1.19755280E-32
  0.956000090       8.82212037E-33
  0.958000064       6.49500596E-33
  0.960000038       4.77864204E-33
  0.962000132       3.51353682E-33
  0.964000106       2.58174173E-33
  0.966000080       1.89585933E-33
  0.968000054       1.39129023E-33
  0.970000148       1.02034673E-33
  0.972000122       7.47829761E-34
  0.974000096       5.47750429E-34
  0.976000071       4.00944639E-34
  0.978000045       2.93299317E-34
  0.980000138       2.14410537E-34
  0.982000113       1.56644850E-34
  0.984000087       1.14367978E-34
  0.986000061       8.34483612E-35
  0.988000035       6.08489141E-35
  0.990000129       4.43403959E-35
  0.992000103       3.22907351E-35
  0.994000077       2.35005471E-35
  0.996000051       1.70923982E-35
  0.998000145       1.24232849E-35
