  -1.00000000       0.00000000    
 -0.998000026       0.00000000    
 -0.995999992       0.00000000    
 -0.994000018       0.00000000    
 -0.991999984       0.00000000    
 -0.990000010       0.00000000    
 -0.987999976       0.00000000    
 -0.986000001       0.00000000    
 -0.984000027       0.00000000    
 -0.981999993       0.00000000    
 -0.980000019       0.00000000    
 -0.977999985       0.00000000    
 -0.976000011       0.00000000    
 -0.973999977       0.00000000    
 -0.972000003       0.00000000    
 -0.970000029       0.00000000    
 -0.967999995       0.00000000    
 -0.966000021       0.00000000    
 -0.963999987       0.00000000    
 -0.962000012       0.00000000    
 -0.959999979       0.00000000    
 -0.958000004       0.00000000    
 -0.955999970       0.00000000    
 -0.953999996       0.00000000    
 -0.952000022       0.00000000    
 -0.949999988       0.00000000    
 -0.948000014       0.00000000    
 -0.945999980       0.00000000    
 -0.944000006       0.00000000    
 -0.941999972       0.00000000    
 -0.939999998       0.00000000    
 -0.938000023       0.00000000    
 -0.935999990       0.00000000    
 -0.934000015       0.00000000    
 -0.931999981       0.00000000    
 -0.930000007       0.00000000    
 -0.927999973       0.00000000    
 -0.925999999       0.00000000    
 -0.924000025       0.00000000    
 -0.921999991       0.00000000    
 -0.920000017       0.00000000    
 -0.917999983       0.00000000    
 -0.916000009       0.00000000    
 -0.913999975       0.00000000    
 -0.912000000       0.00000000    
 -0.909999967       0.00000000    
 -0.907999992       0.00000000    
 -0.906000018       0.00000000    
 -0.903999984       0.00000000    
 -0.902000010       0.00000000    
 -0.899999976       0.00000000    
 -0.898000002       0.00000000    
 -0.896000028       0.00000000    
 -0.893999994       0.00000000    
 -0.892000020       0.00000000    
 -0.889999986       0.00000000    
 -0.888000011       0.00000000    
 -0.885999978       0.00000000    
 -0.884000003       0.00000000    
 -0.881999969       0.00000000    
 -0.879999995       0.00000000    
 -0.878000021       0.00000000    
 -0.875999987       0.00000000    
 -0.874000013       0.00000000    
 -0.871999979       0.00000000    
 -0.870000005       0.00000000    
 -0.868000031       0.00000000    
 -0.865999997       0.00000000    
 -0.863999963       0.00000000    
 -0.861999989       0.00000000    
 -0.860000014       0.00000000    
 -0.857999980       0.00000000    
 -0.856000006       0.00000000    
 -0.853999972       0.00000000    
 -0.851999998       0.00000000    
 -0.850000024       0.00000000    
 -0.847999990       0.00000000    
 -0.845999956       0.00000000    
 -0.843999982       0.00000000    
 -0.842000008       0.00000000    
 -0.839999974       0.00000000    
 -0.838000000       0.00000000    
 -0.835999966       0.00000000    
 -0.833999991       0.00000000    
 -0.832000017       0.00000000    
 -0.829999983       0.00000000    
 -0.828000009       0.00000000    
 -0.825999975       0.00000000    
 -0.824000001       0.00000000    
 -0.822000027       0.00000000    
 -0.819999993       0.00000000    
 -0.817999959       0.00000000    
 -0.815999985       0.00000000    
 -0.814000010       0.00000000    
 -0.811999977       0.00000000    
 -0.810000002       0.00000000    
 -0.807999969       0.00000000    
 -0.805999994       0.00000000    
 -0.804000020       0.00000000    
 -0.801999986       0.00000000    
 -0.800000012       0.00000000    
 -0.797999978       0.00000000    
 -0.796000004       0.00000000    
 -0.793999970       0.00000000    
 -0.791999996       0.00000000    
 -0.789999962       0.00000000    
 -0.787999988       0.00000000    
 -0.786000013       0.00000000    
 -0.783999979       0.00000000    
 -0.782000005       0.00000000    
 -0.779999971       0.00000000    
 -0.777999997       0.00000000    
 -0.776000023       0.00000000    
 -0.773999989       0.00000000    
 -0.771999955       0.00000000    
 -0.769999981       0.00000000    
 -0.768000007       0.00000000    
 -0.765999973       0.00000000    
 -0.763999999       0.00000000    
 -0.761999965       0.00000000    
 -0.759999990       0.00000000    
 -0.758000016       0.00000000    
 -0.755999982       0.00000000    
 -0.754000008       0.00000000    
 -0.751999974       0.00000000    
 -0.750000000       0.00000000    
 -0.748000026       0.00000000    
 -0.745999992       0.00000000    
 -0.743999958       0.00000000    
 -0.741999984       0.00000000    
 -0.740000010       0.00000000    
 -0.737999976       0.00000000    
 -0.736000001       0.00000000    
 -0.733999968       0.00000000    
 -0.731999993       0.00000000    
 -0.730000019       0.00000000    
 -0.727999985       0.00000000    
 -0.725999951       0.00000000    
 -0.723999977       0.00000000    
 -0.722000003       0.00000000    
 -0.720000029       0.00000000    
 -0.717999995       0.00000000    
 -0.715999961       0.00000000    
 -0.713999987       0.00000000    
 -0.712000012       0.00000000    
 -0.709999979       0.00000000    
 -0.707999945       0.00000000    
 -0.705999970       0.00000000    
 -0.703999996       0.00000000    
 -0.702000022       0.00000000    
 -0.699999988       0.00000000    
 -0.697999954       0.00000000    
 -0.695999980       0.00000000    
 -0.694000006       0.00000000    
 -0.691999972       0.00000000    
 -0.689999998       0.00000000    
 -0.687999964       0.00000000    
 -0.685999990       0.00000000    
 -0.684000015       0.00000000    
 -0.681999981       0.00000000    
 -0.679999948       0.00000000    
 -0.677999973       0.00000000    
 -0.675999999       0.00000000    
 -0.674000025       0.00000000    
 -0.671999991       0.00000000    
 -0.669999957       0.00000000    
 -0.667999983       0.00000000    
 -0.666000009       0.00000000    
 -0.663999975       0.00000000    
 -0.661999941       0.00000000    
 -0.659999967       0.00000000    
 -0.657999992       0.00000000    
 -0.656000018       0.00000000    
 -0.653999984       0.00000000    
 -0.651999950       0.00000000    
 -0.649999976       0.00000000    
 -0.648000002       0.00000000    
 -0.646000028       0.00000000    
 -0.643999994       0.00000000    
 -0.641999960       0.00000000    
 -0.639999986       0.00000000    
 -0.638000011       0.00000000    
 -0.635999978       0.00000000    
 -0.633999944       0.00000000    
 -0.631999969       0.00000000    
 -0.629999995       0.00000000    
 -0.628000021       0.00000000    
 -0.625999987       0.00000000    
 -0.623999953       0.00000000    
 -0.621999979       0.00000000    
 -0.620000005       0.00000000    
 -0.617999971       0.00000000    
 -0.615999997       0.00000000    
 -0.613999963       0.00000000    
 -0.611999989       0.00000000    
 -0.610000014       0.00000000    
 -0.607999980       0.00000000    
 -0.605999947       0.00000000    
 -0.603999972       0.00000000    
 -0.601999998       0.00000000    
 -0.600000024       0.00000000    
 -0.597999990       0.00000000    
 -0.595999956       0.00000000    
 -0.593999982       0.00000000    
 -0.592000008       0.00000000    
 -0.589999974       0.00000000    
 -0.587999940       0.00000000    
 -0.585999966       0.00000000    
 -0.583999991       0.00000000    
 -0.582000017       0.00000000    
 -0.579999983       0.00000000    
 -0.577999949       0.00000000    
 -0.575999975       0.00000000    
 -0.574000001       0.00000000    
 -0.571999967       0.00000000    
 -0.569999993       0.00000000    
 -0.567999959       0.00000000    
 -0.565999985       0.00000000    
 -0.564000010       0.00000000    
 -0.561999977       0.00000000    
 -0.559999943       0.00000000    
 -0.557999969       0.00000000    
 -0.555999994       0.00000000    
 -0.554000020       0.00000000    
 -0.551999986       0.00000000    
 -0.549999952       0.00000000    
 -0.547999978       0.00000000    
 -0.546000004       0.00000000    
 -0.543999970       0.00000000    
 -0.541999936       0.00000000    
 -0.539999962       0.00000000    
 -0.537999988       0.00000000    
 -0.536000013       0.00000000    
 -0.533999979       0.00000000    
 -0.531999946       0.00000000    
 -0.529999971       0.00000000    
 -0.527999997       0.00000000    
 -0.525999963       0.00000000    
 -0.523999989       0.00000000    
 -0.521999955       0.00000000    
 -0.519999981       0.00000000    
 -0.518000007       0.00000000    
 -0.515999973       0.00000000    
 -0.513999939       0.00000000    
 -0.511999965       0.00000000    
 -0.509999990       0.00000000    
 -0.508000016       0.00000000    
 -0.505999982       0.00000000    
 -0.503999949       0.00000000    
 -0.501999974       0.00000000    
 -0.500000000       0.00000000    
 -0.497999966      0.500000000    
 -0.495999992      0.500000000    
 -0.493999958      0.500000000    
 -0.491999984      0.500000000    
 -0.489999950      0.500000000    
 -0.487999976      0.500000000    
 -0.486000001      0.500000000    
 -0.483999968      0.500000000    
 -0.481999993      0.500000000    
 -0.479999959      0.500000000    
 -0.477999985      0.500000000    
 -0.475999951      0.500000000    
 -0.473999977      0.500000000    
 -0.472000003      0.500000000    
 -0.469999969      0.500000000    
 -0.467999995      0.500000000    
 -0.465999961      0.500000000    
 -0.463999987      0.500000000    
 -0.461999953      0.500000000    
 -0.459999979      0.500000000    
 -0.457999945      0.500000000    
 -0.455999970      0.500000000    
 -0.453999996      0.500000000    
 -0.451999962      0.500000000    
 -0.449999988      0.500000000    
 -0.447999954      0.500000000    
 -0.445999980      0.500000000    
 -0.443999946      0.500000000    
 -0.441999972      0.500000000    
 -0.439999998      0.500000000    
 -0.437999964      0.500000000    
 -0.435999990      0.500000000    
 -0.433999956      0.500000000    
 -0.431999981      0.500000000    
 -0.429999948      0.500000000    
 -0.427999973      0.500000000    
 -0.425999999      0.500000000    
 -0.423999965      0.500000000    
 -0.421999991      0.500000000    
 -0.419999957      0.500000000    
 -0.417999983      0.500000000    
 -0.415999949      0.500000000    
 -0.413999975      0.500000000    
 -0.412000000      0.500000000    
 -0.409999967      0.500000000    
 -0.407999992      0.500000000    
 -0.405999959      0.500000000    
 -0.403999984      0.500000000    
 -0.401999950      0.500000000    
 -0.399999976      0.500000000    
 -0.397999942      0.500000000    
 -0.395999968      0.500000000    
 -0.393999994      0.500000000    
 -0.391999960      0.500000000    
 -0.389999986      0.500000000    
 -0.387999952      0.500000000    
 -0.385999978      0.500000000    
 -0.383999944      0.500000000    
 -0.381999969      0.500000000    
 -0.379999995      0.500000000    
 -0.377999961      0.500000000    
 -0.375999987      0.500000000    
 -0.373999953      0.500000000    
 -0.371999979      0.500000000    
 -0.369999945      0.500000000    
 -0.367999971      0.500000000    
 -0.365999997      0.500000000    
 -0.363999963      0.500000000    
 -0.361999989      0.500000000    
 -0.359999955      0.500000000    
 -0.357999980      0.500000000    
 -0.355999947      0.500000000    
 -0.353999972      0.500000000    
 -0.351999998      0.500000000    
 -0.349999964      0.500000000    
 -0.347999990      0.500000000    
 -0.345999956      0.500000000    
 -0.343999982      0.500000000    
 -0.341999948      0.500000000    
 -0.339999974      0.500000000    
 -0.337999940      0.500000000    
 -0.335999966      0.500000000    
 -0.333999991      0.500000000    
 -0.331999958      0.500000000    
 -0.329999983      0.500000000    
 -0.327999949      0.500000000    
 -0.325999975      0.500000000    
 -0.323999941      0.500000000    
 -0.321999967      0.500000000    
 -0.319999993      0.500000000    
 -0.317999959      0.500000000    
 -0.315999985      0.500000000    
 -0.313999951      0.500000000    
 -0.311999977      0.500000000    
 -0.309999943      0.500000000    
 -0.307999969      0.500000000    
 -0.305999994      0.500000000    
 -0.303999960      0.500000000    
 -0.301999986      0.500000000    
 -0.299999952      0.500000000    
 -0.297999978      0.500000000    
 -0.295999944      0.500000000    
 -0.293999970      0.500000000    
 -0.291999996      0.500000000    
 -0.289999962      0.500000000    
 -0.287999988      0.500000000    
 -0.285999954      0.500000000    
 -0.283999979      0.500000000    
 -0.281999946      0.500000000    
 -0.279999971      0.500000000    
 -0.277999938      0.500000000    
 -0.275999963      0.500000000    
 -0.273999989      0.500000000    
 -0.271999955      0.500000000    
 -0.269999981      0.500000000    
 -0.267999947      0.500000000    
 -0.265999973      0.500000000    
 -0.263999939      0.500000000    
 -0.261999965      0.500000000    
 -0.259999990      0.500000000    
 -0.257999957      0.500000000    
 -0.255999982      0.500000000    
 -0.253999949      0.500000000    
 -0.251999974      0.500000000    
 -0.249999940      0.500000000    
 -0.247999966      0.500000000    
 -0.245999992      0.500000000    
 -0.243999958      0.500000000    
 -0.241999984      0.500000000    
 -0.239999950      0.500000000    
 -0.237999976      0.500000000    
 -0.235999942      0.500000000    
 -0.233999968      0.500000000    
 -0.231999993      0.500000000    
 -0.229999959      0.500000000    
 -0.227999985      0.500000000    
 -0.225999951      0.500000000    
 -0.223999977      0.500000000    
 -0.221999943      0.500000000    
 -0.219999969      0.500000000    
 -0.217999935      0.500000000    
 -0.215999961      0.500000000    
 -0.213999987      0.500000000    
 -0.211999953      0.500000000    
 -0.209999979      0.500000000    
 -0.207999945      0.500000000    
 -0.205999970      0.500000000    
 -0.203999937      0.500000000    
 -0.201999962      0.500000000    
 -0.199999988      0.500000000    
 -0.197999954      0.500000000    
 -0.195999980      0.500000000    
 -0.193999946      0.500000000    
 -0.191999972      0.500000000    
 -0.189999938      0.500000000    
 -0.187999964      0.500000000    
 -0.185999990      0.500000000    
 -0.183999956      0.500000000    
 -0.181999981      0.500000000    
 -0.179999948      0.500000000    
 -0.177999973      0.500000000    
 -0.175999939      0.500000000    
 -0.173999965      0.500000000    
 -0.171999931      0.500000000    
 -0.169999957      0.500000000    
 -0.167999983      0.500000000    
 -0.165999949      0.500000000    
 -0.163999975      0.500000000    
 -0.161999941      0.500000000    
 -0.159999967      0.500000000    
 -0.157999933      0.500000000    
 -0.155999959      0.500000000    
 -0.153999984      0.500000000    
 -0.151999950      0.500000000    
 -0.149999976      0.500000000    
 -0.147999942      0.500000000    
 -0.145999968      0.500000000    
 -0.143999934      0.500000000    
 -0.141999960      0.500000000    
 -0.139999986      0.500000000    
 -0.137999952      0.500000000    
 -0.135999978      0.500000000    
 -0.133999944      0.500000000    
 -0.131999969      0.500000000    
 -0.129999936      0.500000000    
 -0.127999961      0.500000000    
 -0.125999987      0.500000000    
 -0.123999953      0.500000000    
 -0.121999979      0.500000000    
 -0.119999945      0.500000000    
 -0.117999971      0.500000000    
 -0.115999937      0.500000000    
 -0.113999963      0.500000000    
 -0.111999929      0.500000000    
 -0.109999955      0.500000000    
 -0.107999980      0.500000000    
 -0.105999947      0.500000000    
 -0.103999972      0.500000000    
 -0.101999938      0.500000000    
  -9.99999642E-02  0.500000000    
  -9.79999304E-02  0.500000000    
  -9.59999561E-02  0.500000000    
  -9.39999819E-02  0.500000000    
  -9.19999480E-02  0.500000000    
  -8.99999738E-02  0.500000000    
  -8.79999399E-02  0.500000000    
  -8.59999657E-02  0.500000000    
  -8.39999318E-02  0.500000000    
  -8.19999576E-02  0.500000000    
  -7.99999833E-02  0.500000000    
  -7.79999495E-02  0.500000000    
  -7.59999752E-02  0.500000000    
  -7.39999413E-02  0.500000000    
  -7.19999671E-02  0.500000000    
  -6.99999332E-02  0.500000000    
  -6.79999590E-02  0.500000000    
  -6.59999847E-02  0.500000000    
  -6.39999509E-02  0.500000000    
  -6.19999766E-02  0.500000000    
  -5.99999428E-02  0.500000000    
  -5.79999685E-02  0.500000000    
  -5.59999347E-02  0.500000000    
  -5.39999604E-02  0.500000000    
  -5.19999266E-02  0.500000000    
  -4.99999523E-02  0.500000000    
  -4.79999781E-02  0.500000000    
  -4.59999442E-02  0.500000000    
  -4.39999700E-02  0.500000000    
  -4.19999361E-02  0.500000000    
  -3.99999619E-02  0.500000000    
  -3.79999280E-02  0.500000000    
  -3.59999537E-02  0.500000000    
  -3.39999795E-02  0.500000000    
  -3.19999456E-02  0.500000000    
  -2.99999714E-02  0.500000000    
  -2.79999375E-02  0.500000000    
  -2.59999633E-02  0.500000000    
  -2.39999294E-02  0.500000000    
  -2.19999552E-02  0.500000000    
  -1.99999809E-02  0.500000000    
  -1.79999471E-02  0.500000000    
  -1.59999728E-02  0.500000000    
  -1.39999390E-02  0.500000000    
  -1.19999647E-02  0.500000000    
  -9.99993086E-03  0.500000000    
  -7.99995661E-03  0.500000000    
  -5.99998236E-03  0.500000000    
  -3.99994850E-03  0.500000000    
  -1.99997425E-03  0.500000000    
   0.00000000      0.500000000    
   2.00009346E-03  0.500000000    
   4.00006771E-03  0.500000000    
   6.00004196E-03  0.500000000    
   8.00001621E-03  0.500000000    
   9.99999046E-03  0.500000000    
   1.20000839E-02  0.500000000    
   1.40000582E-02  0.500000000    
   1.60000324E-02  0.500000000    
   1.80000067E-02  0.500000000    
   2.00001001E-02  0.500000000    
   2.20000744E-02  0.500000000    
   2.40000486E-02  0.500000000    
   2.60000229E-02  0.500000000    
   2.79999971E-02  0.500000000    
   3.00000906E-02  0.500000000    
   3.20000648E-02  0.500000000    
   3.40000391E-02  0.500000000    
   3.60000134E-02  0.500000000    
   3.80001068E-02  0.500000000    
   4.00000811E-02  0.500000000    
   4.20000553E-02  0.500000000    
   4.40000296E-02  0.500000000    
   4.60000038E-02  0.500000000    
   4.80000973E-02  0.500000000    
   5.00000715E-02  0.500000000    
   5.20000458E-02  0.500000000    
   5.40000200E-02  0.500000000    
   5.59999943E-02  0.500000000    
   5.80000877E-02  0.500000000    
   6.00000620E-02  0.500000000    
   6.20000362E-02  0.500000000    
   6.40000105E-02  0.500000000    
   6.60001040E-02  0.500000000    
   6.80000782E-02  0.500000000    
   7.00000525E-02  0.500000000    
   7.20000267E-02  0.500000000    
   7.40000010E-02  0.500000000    
   7.60000944E-02  0.500000000    
   7.80000687E-02  0.500000000    
   8.00000429E-02  0.500000000    
   8.20000172E-02  0.500000000    
   8.40001106E-02  0.500000000    
   8.60000849E-02  0.500000000    
   8.80000591E-02  0.500000000    
   9.00000334E-02  0.500000000    
   9.20000076E-02  0.500000000    
   9.40001011E-02  0.500000000    
   9.60000753E-02  0.500000000    
   9.80000496E-02  0.500000000    
  0.100000024      0.500000000    
  0.101999998      0.500000000    
  0.104000092      0.500000000    
  0.106000066      0.500000000    
  0.108000040      0.500000000    
  0.110000014      0.500000000    
  0.112000108      0.500000000    
  0.114000082      0.500000000    
  0.116000056      0.500000000    
  0.118000031      0.500000000    
  0.120000005      0.500000000    
  0.122000098      0.500000000    
  0.124000072      0.500000000    
  0.126000047      0.500000000    
  0.128000021      0.500000000    
  0.129999995      0.500000000    
  0.132000089      0.500000000    
  0.134000063      0.500000000    
  0.136000037      0.500000000    
  0.138000011      0.500000000    
  0.140000105      0.500000000    
  0.142000079      0.500000000    
  0.144000053      0.500000000    
  0.146000028      0.500000000    
  0.148000002      0.500000000    
  0.150000095      0.500000000    
  0.152000070      0.500000000    
  0.154000044      0.500000000    
  0.156000018      0.500000000    
  0.158000112      0.500000000    
  0.160000086      0.500000000    
  0.162000060      0.500000000    
  0.164000034      0.500000000    
  0.166000009      0.500000000    
  0.168000102      0.500000000    
  0.170000076      0.500000000    
  0.172000051      0.500000000    
  0.174000025      0.500000000    
  0.175999999      0.500000000    
  0.178000093      0.500000000    
  0.180000067      0.500000000    
  0.182000041      0.500000000    
  0.184000015      0.500000000    
  0.186000109      0.500000000    
  0.188000083      0.500000000    
  0.190000057      0.500000000    
  0.192000031      0.500000000    
  0.194000006      0.500000000    
  0.196000099      0.500000000    
  0.198000073      0.500000000    
  0.200000048      0.500000000    
  0.202000022      0.500000000    
  0.204000115      0.500000000    
  0.206000090      0.500000000    
  0.208000064      0.500000000    
  0.210000038      0.500000000    
  0.212000012      0.500000000    
  0.214000106      0.500000000    
  0.216000080      0.500000000    
  0.218000054      0.500000000    
  0.220000029      0.500000000    
  0.222000003      0.500000000    
  0.224000096      0.500000000    
  0.226000071      0.500000000    
  0.228000045      0.500000000    
  0.230000019      0.500000000    
  0.232000113      0.500000000    
  0.234000087      0.500000000    
  0.236000061      0.500000000    
  0.238000035      0.500000000    
  0.240000010      0.500000000    
  0.242000103      0.500000000    
  0.244000077      0.500000000    
  0.246000051      0.500000000    
  0.248000026      0.500000000    
  0.250000000      0.500000000    
  0.252000093      0.500000000    
  0.254000068      0.500000000    
  0.256000042      0.500000000    
  0.258000016      0.500000000    
  0.260000110      0.500000000    
  0.262000084      0.500000000    
  0.264000058      0.500000000    
  0.266000032      0.500000000    
  0.268000007      0.500000000    
  0.270000100      0.500000000    
  0.272000074      0.500000000    
  0.274000049      0.500000000    
  0.276000023      0.500000000    
  0.278000116      0.500000000    
  0.280000091      0.500000000    
  0.282000065      0.500000000    
  0.284000039      0.500000000    
  0.286000013      0.500000000    
  0.288000107      0.500000000    
  0.290000081      0.500000000    
  0.292000055      0.500000000    
  0.294000030      0.500000000    
  0.296000004      0.500000000    
  0.298000097      0.500000000    
  0.300000072      0.500000000    
  0.302000046      0.500000000    
  0.304000020      0.500000000    
  0.306000113      0.500000000    
  0.308000088      0.500000000    
  0.310000062      0.500000000    
  0.312000036      0.500000000    
  0.314000010      0.500000000    
  0.316000104      0.500000000    
  0.318000078      0.500000000    
  0.320000052      0.500000000    
  0.322000027      0.500000000    
  0.324000120      0.500000000    
  0.326000094      0.500000000    
  0.328000069      0.500000000    
  0.330000043      0.500000000    
  0.332000017      0.500000000    
  0.334000111      0.500000000    
  0.336000085      0.500000000    
  0.338000059      0.500000000    
  0.340000033      0.500000000    
  0.342000008      0.500000000    
  0.344000101      0.500000000    
  0.346000075      0.500000000    
  0.348000050      0.500000000    
  0.350000024      0.500000000    
  0.352000117      0.500000000    
  0.354000092      0.500000000    
  0.356000066      0.500000000    
  0.358000040      0.500000000    
  0.360000014      0.500000000    
  0.362000108      0.500000000    
  0.364000082      0.500000000    
  0.366000056      0.500000000    
  0.368000031      0.500000000    
  0.370000124      0.500000000    
  0.372000098      0.500000000    
  0.374000072      0.500000000    
  0.376000047      0.500000000    
  0.378000021      0.500000000    
  0.380000114      0.500000000    
  0.382000089      0.500000000    
  0.384000063      0.500000000    
  0.386000037      0.500000000    
  0.388000011      0.500000000    
  0.390000105      0.500000000    
  0.392000079      0.500000000    
  0.394000053      0.500000000    
  0.396000028      0.500000000    
  0.398000121      0.500000000    
  0.400000095      0.500000000    
  0.402000070      0.500000000    
  0.404000044      0.500000000    
  0.406000018      0.500000000    
  0.408000112      0.500000000    
  0.410000086      0.500000000    
  0.412000060      0.500000000    
  0.414000034      0.500000000    
  0.416000009      0.500000000    
  0.418000102      0.500000000    
  0.420000076      0.500000000    
  0.422000051      0.500000000    
  0.424000025      0.500000000    
  0.426000118      0.500000000    
  0.428000093      0.500000000    
  0.430000067      0.500000000    
  0.432000041      0.500000000    
  0.434000015      0.500000000    
  0.436000109      0.500000000    
  0.438000083      0.500000000    
  0.440000057      0.500000000    
  0.442000031      0.500000000    
  0.444000125      0.500000000    
  0.446000099      0.500000000    
  0.448000073      0.500000000    
  0.450000048      0.500000000    
  0.452000022      0.500000000    
  0.454000115      0.500000000    
  0.456000090      0.500000000    
  0.458000064      0.500000000    
  0.460000038      0.500000000    
  0.462000012      0.500000000    
  0.464000106      0.500000000    
  0.466000080      0.500000000    
  0.468000054      0.500000000    
  0.470000029      0.500000000    
  0.472000122      0.500000000    
  0.474000096      0.500000000    
  0.476000071      0.500000000    
  0.478000045      0.500000000    
  0.480000019      0.500000000    
  0.482000113      0.500000000    
  0.484000087      0.500000000    
  0.486000061      0.500000000    
  0.488000035      0.500000000    
  0.490000129      0.500000000    
  0.492000103      0.500000000    
  0.494000077      0.500000000    
  0.496000051      0.500000000    
  0.498000026      0.500000000    
  0.500000119       0.00000000    
  0.502000093       0.00000000    
  0.504000068       0.00000000    
  0.506000042       0.00000000    
  0.508000016       0.00000000    
  0.510000110       0.00000000    
  0.512000084       0.00000000    
  0.514000058       0.00000000    
  0.516000032       0.00000000    
  0.518000126       0.00000000    
  0.520000100       0.00000000    
  0.522000074       0.00000000    
  0.524000049       0.00000000    
  0.526000023       0.00000000    
  0.528000116       0.00000000    
  0.530000091       0.00000000    
  0.532000065       0.00000000    
  0.534000039       0.00000000    
  0.536000013       0.00000000    
  0.538000107       0.00000000    
  0.540000081       0.00000000    
  0.542000055       0.00000000    
  0.544000030       0.00000000    
  0.546000123       0.00000000    
  0.548000097       0.00000000    
  0.550000072       0.00000000    
  0.552000046       0.00000000    
  0.554000020       0.00000000    
  0.556000113       0.00000000    
  0.558000088       0.00000000    
  0.560000062       0.00000000    
  0.562000036       0.00000000    
  0.564000130       0.00000000    
  0.566000104       0.00000000    
  0.568000078       0.00000000    
  0.570000052       0.00000000    
  0.572000027       0.00000000    
  0.574000120       0.00000000    
  0.576000094       0.00000000    
  0.578000069       0.00000000    
  0.580000043       0.00000000    
  0.582000017       0.00000000    
  0.584000111       0.00000000    
  0.586000085       0.00000000    
  0.588000059       0.00000000    
  0.590000033       0.00000000    
  0.592000127       0.00000000    
  0.594000101       0.00000000    
  0.596000075       0.00000000    
  0.598000050       0.00000000    
  0.600000024       0.00000000    
  0.602000117       0.00000000    
  0.604000092       0.00000000    
  0.606000066       0.00000000    
  0.608000040       0.00000000    
  0.610000134       0.00000000    
  0.612000108       0.00000000    
  0.614000082       0.00000000    
  0.616000056       0.00000000    
  0.618000031       0.00000000    
  0.620000124       0.00000000    
  0.622000098       0.00000000    
  0.624000072       0.00000000    
  0.626000047       0.00000000    
  0.628000021       0.00000000    
  0.630000114       0.00000000    
  0.632000089       0.00000000    
  0.634000063       0.00000000    
  0.636000037       0.00000000    
  0.638000131       0.00000000    
  0.640000105       0.00000000    
  0.642000079       0.00000000    
  0.644000053       0.00000000    
  0.646000028       0.00000000    
  0.648000121       0.00000000    
  0.650000095       0.00000000    
  0.652000070       0.00000000    
  0.654000044       0.00000000    
  0.656000137       0.00000000    
  0.658000112       0.00000000    
  0.660000086       0.00000000    
  0.662000060       0.00000000    
  0.664000034       0.00000000    
  0.666000128       0.00000000    
  0.668000102       0.00000000    
  0.670000076       0.00000000    
  0.672000051       0.00000000    
  0.674000025       0.00000000    
  0.676000118       0.00000000    
  0.678000093       0.00000000    
  0.680000067       0.00000000    
  0.682000041       0.00000000    
  0.684000134       0.00000000    
  0.686000109       0.00000000    
  0.688000083       0.00000000    
  0.690000057       0.00000000    
  0.692000031       0.00000000    
  0.694000125       0.00000000    
  0.696000099       0.00000000    
  0.698000073       0.00000000    
  0.700000048       0.00000000    
  0.702000022       0.00000000    
  0.704000115       0.00000000    
  0.706000090       0.00000000    
  0.708000064       0.00000000    
  0.710000038       0.00000000    
  0.712000132       0.00000000    
  0.714000106       0.00000000    
  0.716000080       0.00000000    
  0.718000054       0.00000000    
  0.720000029       0.00000000    
  0.722000122       0.00000000    
  0.724000096       0.00000000    
  0.726000071       0.00000000    
  0.728000045       0.00000000    
  0.730000138       0.00000000    
  0.732000113       0.00000000    
  0.734000087       0.00000000    
  0.736000061       0.00000000    
  0.738000035       0.00000000    
  0.740000129       0.00000000    
  0.742000103       0.00000000    
  0.744000077       0.00000000    
  0.746000051       0.00000000    
  0.748000026       0.00000000    
  0.750000119       0.00000000    
  0.752000093       0.00000000    
  0.754000068       0.00000000    
  0.756000042       0.00000000    
  0.758000135       0.00000000    
  0.760000110       0.00000000    
  0.762000084       0.00000000    
  0.764000058       0.00000000    
  0.766000032       0.00000000    
  0.768000126       0.00000000    
  0.770000100       0.00000000    
  0.772000074       0.00000000    
  0.774000049       0.00000000    
  0.776000142       0.00000000    
  0.778000116       0.00000000    
  0.780000091       0.00000000    
  0.782000065       0.00000000    
  0.784000039       0.00000000    
  0.786000133       0.00000000    
  0.788000107       0.00000000    
  0.790000081       0.00000000    
  0.792000055       0.00000000    
  0.794000030       0.00000000    
  0.796000123       0.00000000    
  0.798000097       0.00000000    
  0.800000072       0.00000000    
  0.802000046       0.00000000    
  0.804000139       0.00000000    
  0.806000113       0.00000000    
  0.808000088       0.00000000    
  0.810000062       0.00000000    
  0.812000036       0.00000000    
  0.814000130       0.00000000    
  0.816000104       0.00000000    
  0.818000078       0.00000000    
  0.820000052       0.00000000    
  0.822000146       0.00000000    
  0.824000120       0.00000000    
  0.826000094       0.00000000    
  0.828000069       0.00000000    
  0.830000043       0.00000000    
  0.832000136       0.00000000    
  0.834000111       0.00000000    
  0.836000085       0.00000000    
  0.838000059       0.00000000    
  0.840000033       0.00000000    
  0.842000127       0.00000000    
  0.844000101       0.00000000    
  0.846000075       0.00000000    
  0.848000050       0.00000000    
  0.850000143       0.00000000    
  0.852000117       0.00000000    
  0.854000092       0.00000000    
  0.856000066       0.00000000    
  0.858000040       0.00000000    
  0.860000134       0.00000000    
  0.862000108       0.00000000    
  0.864000082       0.00000000    
  0.866000056       0.00000000    
  0.868000031       0.00000000    
  0.870000124       0.00000000    
  0.872000098       0.00000000    
  0.874000072       0.00000000    
  0.876000047       0.00000000    
  0.878000140       0.00000000    
  0.880000114       0.00000000    
  0.882000089       0.00000000    
  0.884000063       0.00000000    
  0.886000037       0.00000000    
  0.888000131       0.00000000    
  0.890000105       0.00000000    
  0.892000079       0.00000000    
  0.894000053       0.00000000    
  0.896000147       0.00000000    
  0.898000121       0.00000000    
  0.900000095       0.00000000    
  0.902000070       0.00000000    
  0.904000044       0.00000000    
  0.906000137       0.00000000    
  0.908000112       0.00000000    
  0.910000086       0.00000000    
  0.912000060       0.00000000    
  0.914000034       0.00000000    
  0.916000128       0.00000000    
  0.918000102       0.00000000    
  0.920000076       0.00000000    
  0.922000051       0.00000000    
  0.924000144       0.00000000    
  0.926000118       0.00000000    
  0.928000093       0.00000000    
  0.930000067       0.00000000    
  0.932000041       0.00000000    
  0.934000134       0.00000000    
  0.936000109       0.00000000    
  0.938000083       0.00000000    
  0.940000057       0.00000000    
  0.942000151       0.00000000    
  0.944000125       0.00000000    
  0.946000099       0.00000000    
  0.948000073       0.00000000    
  0.950000048       0.00000000    
  0.952000141       0.00000000    
  0.954000115       0.00000000    
  0.956000090       0.00000000    
  0.958000064       0.00000000    
  0.960000038       0.00000000    
  0.962000132       0.00000000    
  0.964000106       0.00000000    
  0.966000080       0.00000000    
  0.968000054       0.00000000    
  0.970000148       0.00000000    
  0.972000122       0.00000000    
  0.974000096       0.00000000    
  0.976000071       0.00000000    
  0.978000045       0.00000000    
  0.980000138       0.00000000    
  0.982000113       0.00000000    
  0.984000087       0.00000000    
  0.986000061       0.00000000    
  0.988000035       0.00000000    
  0.990000129       0.00000000    
  0.992000103       0.00000000    
  0.994000077       0.00000000    
  0.996000051       0.00000000    
  0.998000145       0.00000000    
