  -1.00000000       7.23446283E-05
 -0.998000026       7.23461562E-05
 -0.995999992       3.66780732E-05
 -0.994000018       3.66788481E-05
 -0.991999984       1.85947792E-05
 -0.990000010       1.85951794E-05
 -0.987999976       9.42687257E-06
 -0.986000001       9.42707811E-06
 -0.984000027       4.77903586E-06
 -0.981999993       4.77914182E-06
 -0.980000019       2.42276428E-06
 -0.977999985       2.42281953E-06
 -0.976000011       1.22823599E-06
 -0.973999977       1.22826577E-06
 -0.972000003       6.22664913E-07
 -0.970000029       6.22682535E-07
 -0.967999995       3.15670263E-07
 -0.966000021       3.15682627E-07
 -0.963999987       1.60041509E-07
 -0.962000012       1.60052508E-07
 -0.959999979       8.11496506E-08
 -0.958000004       8.11618648E-08
 -0.955999970       4.11617833E-08
 -0.953999996       4.11772554E-08
 -0.952000022       2.08990798E-08
 -0.949999988       2.09198454E-08
 -0.948000014       1.06397584E-08
 -0.945999980       1.06682378E-08
 -0.944000006       5.45671508E-09
 -0.941999972       5.49601165E-09
 -0.939999998       2.85401391E-09
 -0.938000023       2.90825253E-09
 -0.935999990       1.56888302E-09
 -0.934000015       1.64360570E-09
 -0.931999981       9.64607283E-10
 -0.930000007       1.06727760E-09
 -0.927999973       7.23055726E-10
 -0.925999999       8.63712046E-10
 -0.924000025       6.89205470E-10
 -0.921999991       8.81314854E-10
 -0.920000017       7.92845123E-10
 -0.917999983       1.05442022E-09
 -0.916000009       1.00956599E-09
 -0.913999975       1.36462142E-09
 -0.912000000       1.34187661E-09
 -0.909999967       1.82232363E-09
 -0.907999992       1.81078519E-09
 -0.906000018       2.45888754E-09
 -0.903999984       2.45302734E-09
 -0.902000010       3.32457195E-09
 -0.899999976       3.32158678E-09
 -0.898000002       4.48996484E-09
 -0.896000028       4.48843229E-09
 -0.893999994       6.04987083E-09
 -0.892000020       6.04906791E-09
 -0.889999986       8.12930878E-09
 -0.888000011       8.12886647E-09
 -0.885999978       1.08916662E-08
 -0.884000003       1.08913953E-08
 -0.881999969       1.45492951E-08
 -0.879999995       1.45490962E-08
 -0.878000021       1.93770227E-08
 -0.875999987       1.93768397E-08
 -0.874000013       2.57292072E-08
 -0.871999979       2.57290047E-08
 -0.870000005       3.40611379E-08
 -0.868000031       3.40608928E-08
 -0.865999997       4.49557618E-08
 -0.863999963       4.49554420E-08
 -0.861999989       5.91568963E-08
 -0.860000014       5.91564771E-08
 -0.857999980       7.76103448E-08
 -0.856000006       7.76098119E-08
 -0.853999972       1.01514637E-07
 -0.851999998       1.01513947E-07
 -0.850000024       1.32383263E-07
 -0.847999990       1.32382382E-07
 -0.845999956       1.72120821E-07
 -0.843999982       1.72119698E-07
 -0.842000008       2.23115734E-07
 -0.839999974       2.23114270E-07
 -0.838000000       2.88352680E-07
 -0.835999966       2.88350805E-07
 -0.833999991       3.71548310E-07
 -0.832000017       3.71545923E-07
 -0.829999983       4.77314586E-07
 -0.828000009       4.77311517E-07
 -0.825999975       6.11353812E-07
 -0.824000001       6.11350004E-07
 -0.822000027       7.80692005E-07
 -0.819999993       7.80687174E-07
 -0.817999959       9.93954473E-07
 -0.815999985       9.93948333E-07
 -0.814000010       1.26169220E-06
 -0.811999977       1.26168459E-06
 -0.810000002       1.59676506E-06
 -0.807999969       1.59675562E-06
 -0.805999994       2.01479043E-06
 -0.804000020       2.01477860E-06
 -0.801999986       2.53466442E-06
 -0.800000012       2.53465009E-06
 -0.797999978       3.17916761E-06
 -0.796000004       3.17914987E-06
 -0.793999970       3.97565964E-06
 -0.791999996       3.97563826E-06
 -0.789999962       4.95688028E-06
 -0.787999988       4.95685345E-06
 -0.786000013       6.16185753E-06
 -0.783999979       6.16182479E-06
 -0.782000005       7.63694243E-06
 -0.779999971       7.63690241E-06
 -0.777999997       9.43696887E-06
 -0.776000023       9.43692157E-06
 -0.773999989       1.16265646E-05
 -0.771999955       1.16265082E-05
 -0.769999981       1.42815998E-05
 -0.768000007       1.42815315E-05
 -0.765999973       1.74907964E-05
 -0.763999999       1.74907145E-05
 -0.761999965       2.13575004E-05
 -0.759999990       2.13573985E-05
 -0.758000016       2.60016022E-05
 -0.755999982       2.60014804E-05
 -0.754000008       3.15616417E-05
 -0.751999974       3.15614961E-05
 -0.750000000       3.81970494E-05
 -0.748000026       3.81968748E-05
 -0.745999992       4.60905540E-05
 -0.743999958       4.60903466E-05
 -0.741999984       5.54507060E-05
 -0.740000010       5.54504622E-05
 -0.737999976       6.65145490E-05
 -0.736000001       6.65142579E-05
 -0.733999968       7.95503292E-05
 -0.731999993       7.95499873E-05
 -0.730000019       9.48603483E-05
 -0.727999985       9.48599481E-05
 -0.725999951       1.12783790E-04
 -0.723999977       1.12783309E-04
 -0.722000003       1.33699519E-04
 -0.720000029       1.33698952E-04
 -0.717999995       1.58028852E-04
 -0.715999961       1.58028226E-04
 -0.713999987       1.86238234E-04
 -0.712000012       1.86237521E-04
 -0.709999979       2.18841655E-04
 -0.707999945       2.18840840E-04
 -0.705999970       2.56402825E-04
 -0.703999996       2.56401894E-04
 -0.702000022       2.99537147E-04
 -0.699999988       2.99536128E-04
 -0.697999954       3.48913250E-04
 -0.695999980       3.48912145E-04
 -0.694000006       4.05253959E-04
 -0.691999972       4.05252678E-04
 -0.689999998       4.69336868E-04
 -0.687999964       4.69335442E-04
 -0.685999990       5.41994290E-04
 -0.684000015       5.41992718E-04
 -0.681999981       6.24112610E-04
 -0.679999948       6.24110806E-04
 -0.677999973       7.16630777E-04
 -0.675999999       7.16628740E-04
 -0.674000025       8.20538145E-04
 -0.671999991       8.20535934E-04
 -0.669999957       9.36871860E-04
 -0.667999983       9.36869415E-04
 -0.666000009       1.06671278E-03
 -0.663999975       1.06671010E-03
 -0.661999941       1.21118128E-03
 -0.659999967       1.21117826E-03
 -0.657999992       1.37143163E-03
 -0.656000018       1.37142837E-03
 -0.653999984       1.54864683E-03
 -0.651999950       1.54864322E-03
 -0.649999976       1.74403097E-03
 -0.648000002       1.74402702E-03
 -0.646000028       1.95880304E-03
 -0.643999994       1.95879885E-03
 -0.641999960       2.19418877E-03
 -0.639999986       2.19418411E-03
 -0.638000011       2.45141215E-03
 -0.635999978       2.45140702E-03
 -0.633999944       2.73168809E-03
 -0.631999969       2.73168250E-03
 -0.629999995       3.03621311E-03
 -0.628000021       3.03620705E-03
 -0.625999987       3.36615741E-03
 -0.623999953       3.36615089E-03
 -0.621999979       3.72265559E-03
 -0.620000005       3.72264860E-03
 -0.617999971       4.10679961E-03
 -0.615999997       4.10679216E-03
 -0.613999963       4.51963022E-03
 -0.611999989       4.51962277E-03
 -0.610000014       4.96213045E-03
 -0.607999980       4.96212253E-03
 -0.605999947       5.43521903E-03
 -0.603999972       5.43521065E-03
 -0.601999998       5.93974255E-03
 -0.600000024       5.93973417E-03
 -0.597999990       6.47647306E-03
 -0.595999956       6.47646422E-03
 -0.593999982       7.04610255E-03
 -0.592000008       7.04609323E-03
 -0.589999974       7.64923822E-03
 -0.587999940       7.64922891E-03
 -0.585999966       8.28640256E-03
 -0.583999991       8.28639232E-03
 -0.582000017       8.95803049E-03
 -0.579999983       8.95801932E-03
 -0.577999949       9.66446754E-03
 -0.575999975       9.66445543E-03
 -0.574000001       1.04059707E-02
 -0.571999967       1.04059577E-02
 -0.569999993       1.11827105E-02
 -0.567999959       1.11826975E-02
 -0.565999985       1.19947735E-02
 -0.564000010       1.19947596E-02
 -0.561999977       1.28421588E-02
 -0.559999943       1.28421448E-02
 -0.557999969       1.37247900E-02
 -0.555999994       1.37247760E-02
 -0.554000020       1.46425124E-02
 -0.551999986       1.46424975E-02
 -0.549999952       1.55950971E-02
 -0.547999978       1.55950813E-02
 -0.546000004       1.65822506E-02
 -0.543999970       1.65822338E-02
 -0.541999936       1.76036134E-02
 -0.539999962       1.76035948E-02
 -0.537999988       1.86587665E-02
 -0.536000013       1.86587479E-02
 -0.533999979       1.97472423E-02
 -0.531999946       1.97472218E-02
 -0.529999971       2.08685193E-02
 -0.527999997       2.08684988E-02
 -0.525999963       2.20220331E-02
 -0.523999989       2.20220126E-02
 -0.521999955       2.32071821E-02
 -0.519999981       2.32071634E-02
 -0.518000007       2.44233347E-02
 -0.515999973       2.44233161E-02
 -0.513999939       2.56698299E-02
 -0.511999965       2.56698113E-02
 -0.509999990       2.69459765E-02
 -0.508000016       2.69459579E-02
 -0.505999982       2.82510687E-02
 -0.503999949       2.82510500E-02
 -0.501999974       2.95843836E-02
 -0.500000000       2.95843687E-02
 -0.497999966       3.09451912E-02
 -0.495999992       3.09451744E-02
 -0.493999958       3.23327482E-02
 -0.491999984       3.23327295E-02
 -0.489999950       3.37463059E-02
 -0.487999976       3.37462872E-02
 -0.486000001       3.51851135E-02
 -0.483999968       3.51850949E-02
 -0.481999993       3.66484299E-02
 -0.479999959       3.66484150E-02
 -0.477999985       3.81355137E-02
 -0.475999951       3.81354950E-02
 -0.473999977       3.96456234E-02
 -0.472000003       3.96456011E-02
 -0.469999969       4.11780253E-02
 -0.467999995       4.11780067E-02
 -0.465999961       4.27320078E-02
 -0.463999987       4.27319892E-02
 -0.461999953       4.43068556E-02
 -0.459999979       4.43068370E-02
 -0.457999945       4.59018759E-02
 -0.455999970       4.59018573E-02
 -0.453999996       4.75163944E-02
 -0.451999962       4.75163721E-02
 -0.449999988       4.91497330E-02
 -0.447999954       4.91497107E-02
 -0.445999980       5.08012436E-02
 -0.443999946       5.08012213E-02
 -0.441999972       5.24702929E-02
 -0.439999998       5.24702705E-02
 -0.437999964       5.41562624E-02
 -0.435999990       5.41562401E-02
 -0.433999956       5.58585450E-02
 -0.431999981       5.58585227E-02
 -0.429999948       5.75765595E-02
 -0.427999973       5.75765371E-02
 -0.425999999       5.93097396E-02
 -0.423999965       5.93097135E-02
 -0.421999991       6.10575303E-02
 -0.419999957       6.10575043E-02
 -0.417999983       6.28193989E-02
 -0.415999949       6.28193691E-02
 -0.413999975       6.45948350E-02
 -0.412000000       6.45948127E-02
 -0.409999967       6.63833469E-02
 -0.407999992       6.63833246E-02
 -0.405999959       6.81844354E-02
 -0.403999984       6.81844205E-02
 -0.401999950       6.99976459E-02
 -0.399999976       6.99976310E-02
 -0.397999942       7.18225241E-02
 -0.395999968       7.18225092E-02
 -0.393999994       7.36586452E-02
 -0.391999960       7.36586303E-02
 -0.389999986       7.55055845E-02
 -0.387999952       7.55055770E-02
 -0.385999978       7.73629472E-02
 -0.383999944       7.73629472E-02
 -0.381999969       7.92303458E-02
 -0.379999995       7.92303458E-02
 -0.377999961       8.11074078E-02
 -0.375999987       8.11074078E-02
 -0.373999953       8.29937756E-02
 -0.371999979       8.29937682E-02
 -0.369999945       8.48890990E-02
 -0.367999971       8.48890841E-02
 -0.365999997       8.67930353E-02
 -0.363999963       8.67930204E-02
 -0.361999989       8.87052715E-02
 -0.359999955       8.87052640E-02
 -0.357999980       9.06255171E-02
 -0.355999947       9.06255022E-02
 -0.353999972       9.25534591E-02
 -0.351999998       9.25534442E-02
 -0.349999964       9.44888294E-02
 -0.347999990       9.44888070E-02
 -0.345999956       9.64313373E-02
 -0.343999982       9.64313075E-02
 -0.341999948       9.83807296E-02
 -0.339999974       9.83806998E-02
 -0.337999940      0.100336745    
 -0.335999966      0.100336716    
 -0.333999991      0.102299146    
 -0.331999958      0.102299124    
 -0.329999983      0.104267709    
 -0.327999949      0.104267687    
 -0.325999975      0.106242202    
 -0.323999941      0.106242180    
 -0.321999967      0.108222410    
 -0.319999993      0.108222388    
 -0.317999959      0.110208131    
 -0.315999985      0.110208102    
 -0.313999951      0.112199150    
 -0.311999977      0.112199128    
 -0.309999943      0.114195295    
 -0.307999969      0.114195265    
 -0.305999994      0.116196372    
 -0.303999960      0.116196334    
 -0.301999986      0.118202209    
 -0.299999952      0.118202172    
 -0.297999978      0.120212622    
 -0.295999944      0.120212592    
 -0.293999970      0.122227453    
 -0.291999996      0.122227438    
 -0.289999962      0.124246553    
 -0.287999988      0.124246538    
 -0.285999954      0.126269773    
 -0.283999979      0.126269743    
 -0.281999946      0.128296956    
 -0.279999971      0.128296927    
 -0.277999938      0.130327955    
 -0.275999963      0.130327925    
 -0.273999989      0.132362649    
 -0.271999955      0.132362619    
 -0.269999981      0.134400904    
 -0.267999947      0.134400874    
 -0.265999973      0.136442587    
 -0.263999939      0.136442557    
 -0.261999965      0.138487592    
 -0.259999990      0.138487563    
 -0.257999957      0.140535802    
 -0.255999982      0.140535757    
 -0.253999949      0.142587081    
 -0.251999974      0.142587036    
 -0.249999940      0.144641310    
 -0.247999966      0.144641280    
 -0.245999992      0.146698430    
 -0.243999958      0.146698400    
 -0.241999984      0.148758322    
 -0.239999950      0.148758292    
 -0.237999976      0.150820881    
 -0.235999942      0.150820851    
 -0.233999968      0.152886003    
 -0.231999993      0.152885973    
 -0.229999959      0.154953599    
 -0.227999985      0.154953569    
 -0.225999951      0.157023579    
 -0.223999977      0.157023564    
 -0.221999943      0.159095883    
 -0.219999969      0.159095868    
 -0.217999935      0.161170423    
 -0.215999961      0.161170408    
 -0.213999987      0.163247123    
 -0.211999953      0.163247108    
 -0.209999979      0.165325880    
 -0.207999945      0.165325865    
 -0.205999970      0.167406619    
 -0.203999937      0.167406619    
 -0.201999962      0.169489279    
 -0.199999988      0.169489279    
 -0.197999954      0.171573803    
 -0.195999980      0.171573803    
 -0.193999946      0.173660129    
 -0.191999972      0.173660129    
 -0.189999938      0.175748169    
 -0.187999964      0.175748169    
 -0.185999990      0.177837849    
 -0.183999956      0.177837849    
 -0.181999981      0.179929122    
 -0.179999948      0.179929122    
 -0.177999973      0.182021946    
 -0.175999939      0.182021946    
 -0.173999965      0.184116229    
 -0.171999931      0.184116229    
 -0.169999957      0.186211914    
 -0.167999983      0.186211914    
 -0.165999949      0.188308984    
 -0.163999975      0.188308969    
 -0.161999941      0.190407351    
 -0.159999967      0.190407336    
 -0.157999933      0.192506984    
 -0.155999959      0.192506954    
 -0.153999984      0.194607794    
 -0.151999950      0.194607779    
 -0.149999976      0.196709767    
 -0.147999942      0.196709752    
 -0.145999968      0.198812842    
 -0.143999934      0.198812827    
 -0.141999960      0.200916961    
 -0.139999986      0.200916976    
 -0.137999952      0.203022093    
 -0.135999978      0.203022122    
 -0.133999944      0.205128208    
 -0.131999969      0.205128208    
 -0.129999936      0.207235232    
 -0.127999961      0.207235232    
 -0.125999987      0.209343135    
 -0.123999953      0.209343120    
 -0.121999979      0.211451858    
 -0.119999945      0.211451858    
 -0.117999971      0.213561371    
 -0.115999937      0.213561371    
 -0.113999963      0.215671629    
 -0.111999929      0.215671629    
 -0.109999955      0.217782587    
 -0.107999980      0.217782587    
 -0.105999947      0.219894201    
 -0.103999972      0.219894215    
 -0.101999938      0.222006470    
  -9.99999642E-02  0.222006470    
  -9.79999304E-02  0.224119321    
  -9.59999561E-02  0.224119321    
  -9.39999819E-02  0.226232708    
  -9.19999480E-02  0.226232722    
  -8.99999738E-02  0.228346601    
  -8.79999399E-02  0.228346616    
  -8.59999657E-02  0.230460986    
  -8.39999318E-02  0.230461001    
  -8.19999576E-02  0.232575804    
  -7.99999833E-02  0.232575819    
  -7.79999495E-02  0.234691009    
  -7.59999752E-02  0.234691039    
  -7.39999413E-02  0.236806586    
  -7.19999671E-02  0.236806616    
  -6.99999332E-02  0.238922492    
  -6.79999590E-02  0.238922521    
  -6.59999847E-02  0.241038695    
  -6.39999509E-02  0.241038725    
  -6.19999766E-02  0.243155152    
  -5.99999428E-02  0.243155167    
  -5.79999685E-02  0.245271847    
  -5.59999347E-02  0.245271862    
  -5.39999604E-02  0.247388721    
  -5.19999266E-02  0.247388735    
  -4.99999523E-02  0.249505758    
  -4.79999781E-02  0.249505758    
  -4.59999442E-02  0.251622915    
  -4.39999700E-02  0.251622915    
  -4.19999361E-02  0.253740102    
  -3.99999619E-02  0.253740102    
  -3.79999280E-02  0.255857378    
  -3.59999537E-02  0.255857378    
  -3.39999795E-02  0.257974654    
  -3.19999456E-02  0.257974654    
  -2.99999714E-02  0.260091901    
  -2.79999375E-02  0.260091931    
  -2.59999633E-02  0.262209117    
  -2.39999294E-02  0.262209147    
  -2.19999552E-02  0.264326245    
  -1.99999809E-02  0.264326274    
  -1.79999471E-02  0.266443223    
  -1.59999728E-02  0.266443253    
  -1.39999390E-02  0.268560052    
  -1.19999647E-02  0.268560082    
  -9.99993086E-03  0.270676672    
  -7.99995661E-03  0.270676702    
  -5.99998236E-03  0.272793055    
  -3.99994850E-03  0.272793114    
  -1.99997425E-03  0.274909198    
   0.00000000      0.274909198    
   2.00009346E-03  0.277025044    
   4.00006771E-03  0.277025014    
   6.00004196E-03  0.279140502    
   8.00001621E-03  0.279140502    
   9.99999046E-03  0.281255573    
   1.20000839E-02  0.281255573    
   1.40000582E-02  0.283370256    
   1.60000324E-02  0.283370256    
   1.80000067E-02  0.285484493    
   2.00001001E-02  0.285484463    
   2.20000744E-02  0.287598193    
   2.40000486E-02  0.287598193    
   2.60000229E-02  0.289711386    
   2.79999971E-02  0.289711356    
   3.00000906E-02  0.291824013    
   3.20000648E-02  0.291823953    
   3.40000391E-02  0.293936014    
   3.60000134E-02  0.293935955    
   3.80001068E-02  0.296047330    
   4.00000811E-02  0.296047270    
   4.20000553E-02  0.298157960    
   4.40000296E-02  0.298157871    
   4.60000038E-02  0.300267845    
   4.80000973E-02  0.300267786    
   5.00000715E-02  0.302376956    
   5.20000458E-02  0.302376896    
   5.40000200E-02  0.304485232    
   5.59999943E-02  0.304485172    
   5.80000877E-02  0.306592613    
   6.00000620E-02  0.306592554    
   6.20000362E-02  0.308699042    
   6.40000105E-02  0.308699012    
   6.60001040E-02  0.310804516    
   6.80000782E-02  0.310804486    
   7.00000525E-02  0.312908947    
   7.20000267E-02  0.312908947    
   7.40000010E-02  0.315012306    
   7.60000944E-02  0.315012336    
   7.80000687E-02  0.317114562    
   8.00000429E-02  0.317114592    
   8.20000172E-02  0.319215626    
   8.40001106E-02  0.319215655    
   8.60000849E-02  0.321315438    
   8.80000591E-02  0.321315467    
   9.00000334E-02  0.323413968    
   9.20000076E-02  0.323413998    
   9.40001011E-02  0.325511187    
   9.60000753E-02  0.325511158    
   9.80000496E-02  0.327606976    
  0.100000024      0.327606976    
  0.101999998      0.329701304    
  0.104000092      0.329701275    
  0.106000066      0.331794053    
  0.108000040      0.331794024    
  0.110000014      0.333885223    
  0.112000108      0.333885193    
  0.114000082      0.335974723    
  0.116000056      0.335974723    
  0.118000031      0.338062465    
  0.120000005      0.338062495    
  0.122000098      0.340148419    
  0.124000072      0.340148419    
  0.126000047      0.342232466    
  0.128000021      0.342232466    
  0.129999995      0.344314575    
  0.132000089      0.344314575    
  0.134000063      0.346394628    
  0.136000037      0.346394628    
  0.138000011      0.348472536    
  0.140000105      0.348472536    
  0.142000079      0.350548238    
  0.144000053      0.350548238    
  0.146000028      0.352621675    
  0.148000002      0.352621615    
  0.150000095      0.354692668    
  0.152000070      0.354692638    
  0.154000044      0.356761158    
  0.156000018      0.356761158    
  0.158000112      0.358827055    
  0.160000086      0.358827055    
  0.162000060      0.360890269    
  0.164000034      0.360890239    
  0.166000009      0.362950742    
  0.168000102      0.362950683    
  0.170000076      0.365008265    
  0.172000051      0.365008205    
  0.174000025      0.367062747    
  0.175999999      0.367062718    
  0.178000093      0.369114131    
  0.180000067      0.369114101    
  0.182000041      0.371162206    
  0.184000015      0.371162176    
  0.186000109      0.373206884    
  0.188000083      0.373206854    
  0.190000057      0.375248045    
  0.192000031      0.375248015    
  0.194000006      0.377285510    
  0.196000099      0.377285480    
  0.198000073      0.379319191    
  0.200000048      0.379319131    
  0.202000022      0.381348878    
  0.204000115      0.381348819    
  0.206000090      0.383374423    
  0.208000064      0.383374393    
  0.210000038      0.385395676    
  0.212000012      0.385395646    
  0.214000106      0.387412518    
  0.216000080      0.387412459    
  0.218000054      0.389424682    
  0.220000029      0.389424622    
  0.222000003      0.391432017    
  0.224000096      0.391431957    
  0.226000071      0.393434346    
  0.228000045      0.393434256    
  0.230000019      0.395431459    
  0.232000113      0.395431310    
  0.234000087      0.397423089    
  0.236000061      0.397422969    
  0.238000035      0.399409086    
  0.240000010      0.399408937    
  0.242000103      0.401389182    
  0.244000077      0.401389062    
  0.246000051      0.403363138    
  0.248000026      0.403363049    
  0.250000000      0.405330718    
  0.252000093      0.405330658    
  0.254000068      0.407291651    
  0.256000042      0.407291591    
  0.258000016      0.409245670    
  0.260000110      0.409245640    
  0.262000084      0.411192536    
  0.264000058      0.411192507    
  0.266000032      0.413131893    
  0.268000007      0.413131893    
  0.270000100      0.415063441    
  0.272000074      0.415063441    
  0.274000049      0.416986912    
  0.276000023      0.416986883    
  0.278000116      0.418901861    
  0.280000091      0.418901831    
  0.282000065      0.420808017    
  0.284000039      0.420807987    
  0.286000013      0.422704965    
  0.288000107      0.422704935    
  0.290000081      0.424592346    
  0.292000055      0.424592376    
  0.294000030      0.426469773    
  0.296000004      0.426469773    
  0.298000097      0.428336799    
  0.300000072      0.428336829    
  0.302000046      0.430193067    
  0.304000020      0.430193067    
  0.306000113      0.432038039    
  0.308000088      0.432038009    
  0.310000062      0.433871269    
  0.312000036      0.433871299    
  0.314000010      0.435692281    
  0.316000104      0.435692281    
  0.318000078      0.437500566    
  0.320000052      0.437500536    
  0.322000027      0.439295590    
  0.324000120      0.439295530    
  0.326000094      0.441076815    
  0.328000069      0.441076726    
  0.330000043      0.442843646    
  0.332000017      0.442843556    
  0.334000111      0.444595516    
  0.336000085      0.444595397    
  0.338000059      0.446331799    
  0.340000033      0.446331650    
  0.342000008      0.448051840    
  0.344000101      0.448051691    
  0.346000075      0.449754983    
  0.348000050      0.449754864    
  0.350000024      0.451440603    
  0.352000117      0.451440483    
  0.354000092      0.453107953    
  0.356000066      0.453107834    
  0.358000040      0.454756290    
  0.360000014      0.454756200    
  0.362000108      0.456384927    
  0.364000082      0.456384838    
  0.366000056      0.457993060    
  0.368000031      0.457992941    
  0.370000124      0.459579915    
  0.372000098      0.459579825    
  0.374000072      0.461144686    
  0.376000047      0.461144626    
  0.378000021      0.462686598    
  0.380000114      0.462686539    
  0.382000089      0.464204788    
  0.384000063      0.464204729    
  0.386000037      0.465698421    
  0.388000011      0.465698361    
  0.390000105      0.467166662    
  0.392000079      0.467166543    
  0.394000053      0.468608588    
  0.396000028      0.468608499    
  0.398000121      0.470023364    
  0.400000095      0.470023304    
  0.402000070      0.471410125    
  0.404000044      0.471410066    
  0.406000018      0.472767979    
  0.408000112      0.472767919    
  0.410000086      0.474096119    
  0.412000060      0.474096030    
  0.414000034      0.475393623    
  0.416000009      0.475393564    
  0.418000102      0.476659715    
  0.420000076      0.476659626    
  0.422000051      0.477893531    
  0.424000025      0.477893442    
  0.426000118      0.479094297    
  0.428000093      0.479094207    
  0.430000067      0.480261266    
  0.432000041      0.480261147    
  0.434000015      0.481393725    
  0.436000109      0.481393605    
  0.438000083      0.482490957    
  0.440000057      0.482490867    
  0.442000031      0.483552366    
  0.444000125      0.483552337    
  0.446000099      0.484577447    
  0.448000073      0.484577417    
  0.450000048      0.485565633    
  0.452000022      0.485565633    
  0.454000115      0.486516535    
  0.456000090      0.486516535    
  0.458000064      0.487429798    
  0.460000038      0.487429798    
  0.462000012      0.488305151    
  0.464000106      0.488305181    
  0.466000080      0.489142507    
  0.468000054      0.489142507    
  0.470000029      0.489941716    
  0.472000122      0.489941716    
  0.474000096      0.490702808    
  0.476000071      0.490702808    
  0.478000045      0.491425991    
  0.480000019      0.491425991    
  0.482000113      0.492111444    
  0.484000087      0.492111444    
  0.486000061      0.492759556    
  0.488000035      0.492759585    
  0.490000129      0.493370742    
  0.492000103      0.493370801    
  0.494000077      0.493945688    
  0.496000051      0.493945718    
  0.498000026      0.494484991    
  0.500000119      0.494484991    
  0.502000093      0.494989485    
  0.504000068      0.494989485    
  0.506000042      0.495460093    
  0.508000016      0.495460063    
  0.510000110      0.495897770    
  0.512000084      0.495897770    
  0.514000058      0.496303618    
  0.516000032      0.496303588    
  0.518000126      0.496678770    
  0.520000100      0.496678740    
  0.522000074      0.497024477    
  0.524000049      0.497024447    
  0.526000023      0.497341961    
  0.528000116      0.497341990    
  0.530000091      0.497632682    
  0.532000065      0.497632712    
  0.534000039      0.497897983    
  0.536000013      0.497897983    
  0.538000107      0.498139232    
  0.540000081      0.498139203    
  0.542000055      0.498357892    
  0.544000030      0.498357862    
  0.546000123      0.498555332    
  0.548000097      0.498555303    
  0.550000072      0.498733073    
  0.552000046      0.498733044    
  0.554000020      0.498892426    
  0.556000113      0.498892367    
  0.558000088      0.499034792    
  0.560000062      0.499034762    
  0.562000036      0.499161541    
  0.564000130      0.499161541    
  0.566000104      0.499273956    
  0.568000078      0.499273956    
  0.570000052      0.499373347    
  0.572000027      0.499373317    
  0.574000120      0.499460816    
  0.576000094      0.499460787    
  0.578000069      0.499537557    
  0.580000043      0.499537528    
  0.582000017      0.499604613    
  0.584000111      0.499604583    
  0.586000085      0.499662966    
  0.588000059      0.499662966    
  0.590000033      0.499713540    
  0.592000127      0.499713540    
  0.594000101      0.499757230    
  0.596000075      0.499757230    
  0.598000050      0.499794781    
  0.600000024      0.499794781    
  0.602000117      0.499826938    
  0.604000092      0.499826968    
  0.606000066      0.499854416    
  0.608000040      0.499854445    
  0.610000134      0.499877751    
  0.612000108      0.499877781    
  0.614000082      0.499897540    
  0.616000056      0.499897540    
  0.618000031      0.499914229    
  0.620000124      0.499914199    
  0.622000098      0.499928176    
  0.624000072      0.499928176    
  0.626000047      0.499939859    
  0.628000021      0.499939859    
  0.630000114      0.499949604    
  0.632000089      0.499949604    
  0.634000063      0.499957651    
  0.636000037      0.499957651    
  0.638000131      0.499964237    
  0.640000105      0.499964237    
  0.642000079      0.499969631    
  0.644000053      0.499969631    
  0.646000028      0.499974012    
  0.648000121      0.499974012    
  0.650000095      0.499977559    
  0.652000070      0.499977559    
  0.654000044      0.499980390    
  0.656000137      0.499980390    
  0.658000112      0.499982655    
  0.660000086      0.499982655    
  0.662000060      0.499984384    
  0.664000034      0.499984384    
  0.666000128      0.499985754    
  0.668000102      0.499985754    
  0.670000076      0.499986827    
  0.672000051      0.499986827    
  0.674000025      0.499987602    
  0.676000118      0.499987602    
  0.678000093      0.499988109    
  0.680000067      0.499988109    
  0.682000041      0.499988467    
  0.684000134      0.499988467    
  0.686000109      0.499988675    
  0.688000083      0.499988675    
  0.690000057      0.499988735    
  0.692000031      0.499988735    
  0.694000125      0.499988765    
  0.696000099      0.499988765    
  0.698000073      0.499988794    
  0.700000048      0.499988794    
  0.702000022      0.499988824    
  0.704000115      0.499988824    
  0.706000090      0.499988854    
  0.708000064      0.499988854    
  0.710000038      0.499988884    
  0.712000132      0.499988884    
  0.714000106      0.499988914    
  0.716000080      0.499988914    
  0.718000054      0.499988943    
  0.720000029      0.499988943    
  0.722000122      0.499988973    
  0.724000096      0.499988973    
  0.726000071      0.499989003    
  0.728000045      0.499989003    
  0.730000138      0.499989033    
  0.732000113      0.499989033    
  0.734000087      0.499989063    
  0.736000061      0.499989063    
  0.738000035      0.499989092    
  0.740000129      0.499989092    
  0.742000103      0.499989122    
  0.744000077      0.499989122    
  0.746000051      0.499989152    
  0.748000026      0.499989152    
  0.750000119      0.499989182    
  0.752000093      0.499989182    
  0.754000068      0.499989212    
  0.756000042      0.499989212    
  0.758000135      0.499989241    
  0.760000110      0.499989241    
  0.762000084      0.499989271    
  0.764000058      0.499989271    
  0.766000032      0.499989301    
  0.768000126      0.499989301    
  0.770000100      0.499989331    
  0.772000074      0.499989331    
  0.774000049      0.499989361    
  0.776000142      0.499989361    
  0.778000116      0.499989390    
  0.780000091      0.499989390    
  0.782000065      0.499989420    
  0.784000039      0.499989420    
  0.786000133      0.499989450    
  0.788000107      0.499989450    
  0.790000081      0.499989480    
  0.792000055      0.499989480    
  0.794000030      0.499989510    
  0.796000123      0.499989510    
  0.798000097      0.499989539    
  0.800000072      0.499989539    
  0.802000046      0.499989569    
  0.804000139      0.499989569    
  0.806000113      0.499989599    
  0.808000088      0.499989599    
  0.810000062      0.499989629    
  0.812000036      0.499989629    
  0.814000130      0.499989659    
  0.816000104      0.499989659    
  0.818000078      0.499989688    
  0.820000052      0.499989688    
  0.822000146      0.499989718    
  0.824000120      0.499989718    
  0.826000094      0.499989748    
  0.828000069      0.499989748    
  0.830000043      0.499989778    
  0.832000136      0.499989778    
  0.834000111      0.499989808    
  0.836000085      0.499989808    
  0.838000059      0.499989837    
  0.840000033      0.499989837    
  0.842000127      0.499989867    
  0.844000101      0.499989867    
  0.846000075      0.499989897    
  0.848000050      0.499989897    
  0.850000143      0.499989927    
  0.852000117      0.499989927    
  0.854000092      0.499989957    
  0.856000066      0.499989957    
  0.858000040      0.499989986    
  0.860000134      0.499989986    
  0.862000108      0.499990016    
  0.864000082      0.499990016    
  0.866000056      0.499990046    
  0.868000031      0.499989957    
  0.870000124      0.499989986    
  0.872000098      0.499989688    
  0.874000072      0.499989718    
  0.876000047      0.499989003    
  0.878000140      0.499989033    
  0.880000114      0.499987483    
  0.882000089      0.499987513    
  0.884000063      0.499984264    
  0.886000037      0.499984294    
  0.888000131      0.499977618    
  0.890000105      0.499977648    
  0.892000079      0.499963969    
  0.894000053      0.499963999    
  0.896000147      0.499936163    
  0.898000121      0.499936223    
  0.900000095      0.499879688    
  0.902000070      0.499879718    
  0.904000044      0.499765128    
  0.906000137      0.499765158    
  0.908000112      0.499532968    
  0.910000086      0.499532998    
  0.912000060      0.499062955    
  0.914000034      0.499063015    
  0.916000128      0.498113275    
  0.918000102      0.498113364    
  0.920000076      0.496200532    
  0.922000051      0.496200651    
  0.924000144      0.492373049    
  0.926000118      0.492373258    
  0.928000093      0.484811753    
  0.930000067      0.484812081    
  0.932000041      0.470242739    
  0.934000134      0.470243335    
  0.936000109      0.443460852    
  0.938000083      0.443461865    
  0.940000057      0.398156464    
  0.942000151      0.398158133    
  0.944000125      0.331068277    
  0.946000099      0.331070483    
  0.948000073      0.248511136    
  0.950000048      0.248513594    
  0.952000141      0.166744992    
  0.954000115      0.166747183    
  0.956000090      0.101224542    
  0.958000064      0.101226136    
  0.960000038       5.70600405E-02
  0.962000132       5.70610426E-02
  0.964000106       3.06748189E-02
  0.966000080       3.06753926E-02
  0.968000054       1.60435494E-02
  0.970000148       1.60438586E-02
  0.972000122       8.26636236E-03
  0.974000096       8.26652534E-03
  0.976000071       4.22573416E-03
  0.978000045       4.22581891E-03
  0.980000138       2.15138495E-03
  0.982000113       2.15142849E-03
  0.984000087       1.09301647E-03
  0.986000061       1.09303871E-03
  0.988000035       5.54718659E-04
  0.990000129       5.54730068E-04
  0.992000103       2.81373854E-04
  0.994000077       2.81379704E-04
  0.996000051       1.42684003E-04
  0.998000145       1.42687000E-04
