  -1.00000000       5.90386570E-16
 -0.998000026       5.93644153E-16
 -0.995999992       3.01752152E-16
 -0.994000018       3.07460228E-16
 -0.991999984       1.60735593E-16
 -0.990000010       1.70705567E-16
 -0.987999976       9.70302843E-17
 -0.986000001       1.14368241E-16
 -0.984000027       7.74159526E-17
 -0.981999993       1.07425344E-16
 -0.980000019       8.89143058E-17
 -0.977999985       1.40607416E-16
 -0.976000011       1.31345812E-16
 -0.973999977       2.19962267E-16
 -0.972000003       2.15333192E-16
 -0.970000029       3.66515524E-16
 -0.967999995       3.64202092E-16
 -0.966000021       6.20883197E-16
 -0.963999987       6.19723291E-16
 -0.962000012       1.05342841E-15
 -0.959999979       1.05283834E-15
 -0.958000004       1.78213657E-15
 -0.955999970       1.78182105E-15
 -0.953999996       3.00229240E-15
 -0.952000022       3.00209822E-15
 -0.949999988       5.03475410E-15
 -0.948000014       5.03459528E-15
 -0.945999980       8.40371033E-15
 -0.944000006       8.40352822E-15
 -0.941999972       1.39611062E-14
 -0.939999998       1.39608462E-14
 -0.938000023       2.30846243E-14
 -0.935999990       2.30842194E-14
 -0.934000015       3.79910472E-14
 -0.931999981       3.79904035E-14
 -0.930000007       6.22296336E-14
 -0.927999973       6.22286036E-14
 -0.925999999       1.01454882E-13
 -0.924000025       1.01453243E-13
 -0.921999991       1.64630665E-13
 -0.920000017       1.64628050E-13
 -0.917999983       2.65896680E-13
 -0.916000009       2.65892505E-13
 -0.913999975       4.27446490E-13
 -0.912000000       4.27439930E-13
 -0.909999967       6.83942432E-13
 -0.907999992       6.83932186E-13
 -0.906000018       1.08925239E-12
 -0.903999984       1.08923656E-12
 -0.902000010       1.72667620E-12
 -0.899999976       1.72665170E-12
 -0.898000002       2.72438756E-12
 -0.896000028       2.72435004E-12
 -0.893999994       4.27862867E-12
 -0.892000020       4.27857142E-12
 -0.889999986       6.68836948E-12
 -0.888000011       6.68828231E-12
 -0.885999978       1.04068178E-11
 -0.884000003       1.04066859E-11
 -0.881999969       1.61175760E-11
 -0.879999995       1.61173800E-11
 -0.878000021       2.48466456E-11
 -0.875999987       2.48463489E-11
 -0.874000013       3.81262452E-11
 -0.871999979       3.81258011E-11
 -0.870000005       5.82331822E-11
 -0.868000031       5.82325299E-11
 -0.865999997       8.85338400E-11
 -0.863999963       8.85328894E-11
 -0.861999989       1.33980729E-10
 -0.860000014       1.33979328E-10
 -0.857999980       2.01823405E-10
 -0.856000006       2.01821351E-10
 -0.853999972       3.02620845E-10
 -0.851999998       3.02617847E-10
 -0.850000024       4.51675142E-10
 -0.847999990       4.51670784E-10
 -0.845999956       6.71050882E-10
 -0.843999982       6.71044553E-10
 -0.842000008       9.92403826E-10
 -0.839999974       9.92394833E-10
 -0.838000000       1.46092205E-09
 -0.835999966       1.46090917E-09
 -0.833999991       2.14078533E-09
 -0.832000017       2.14076668E-09
 -0.829999983       3.12268611E-09
 -0.828000009       3.12265991E-09
 -0.825999975       4.53413573E-09
 -0.824000001       4.53409932E-09
 -0.822000027       6.55350219E-09
 -0.819999993       6.55345067E-09
 -0.817999959       9.42902556E-09
 -0.815999985       9.42895273E-09
 -0.814000010       1.35044322E-08
 -0.811999977       1.35043301E-08
 -0.810000002       1.92532355E-08
 -0.807999969       1.92530916E-08
 -0.805999994       2.73243952E-08
 -0.804000020       2.73241980E-08
 -0.801999986       3.86027779E-08
 -0.800000012       3.86025008E-08
 -0.797999978       5.42886767E-08
 -0.796000004       5.42883001E-08
 -0.793999970       7.60018750E-08
 -0.791999996       7.60013563E-08
 -0.789999962       1.05916904E-07
 -0.787999988       1.05916193E-07
 -0.786000013       1.46937865E-07
 -0.783999979       1.46936898E-07
 -0.782000005       2.02922962E-07
 -0.779999971       2.02921655E-07
 -0.777999997       2.78971044E-07
 -0.776000023       2.78969310E-07
 -0.773999989       3.81785213E-07
 -0.771999955       3.81782911E-07
 -0.769999981       5.20130868E-07
 -0.768000007       5.20127742E-07
 -0.765999973       7.05409150E-07
 -0.763999999       7.05405171E-07
 -0.761999965       9.52370783E-07
 -0.759999990       9.52365554E-07
 -0.758000016       1.27999704E-06
 -0.755999982       1.27998999E-06
 -0.754000008       1.71258102E-06
 -0.751999974       1.71257170E-06
 -0.750000000       2.28104591E-06
 -0.748000026       2.28103409E-06
 -0.745999992       3.02453873E-06
 -0.743999958       3.02452372E-06
 -0.741999984       3.99234386E-06
 -0.740000010       3.99232431E-06
 -0.737999976       5.24616371E-06
 -0.736000001       5.24613915E-06
 -0.733999968       6.86281555E-06
 -0.731999993       6.86278327E-06
 -0.730000019       8.93739343E-06
 -0.727999985       8.93735250E-06
 -0.725999951       1.15869479E-05
 -0.723999977       1.15868961E-05
 -0.722000003       1.49547259E-05
 -0.720000029       1.49546622E-05
 -0.717999995       1.92150164E-05
 -0.715999961       1.92149364E-05
 -0.713999987       2.45786359E-05
 -0.712000012       2.45785322E-05
 -0.709999979       3.12990669E-05
 -0.707999945       3.12989287E-05
 -0.705999970       3.96792530E-05
 -0.703999996       3.96790856E-05
 -0.702000022       5.00790848E-05
 -0.699999988       5.00788810E-05
 -0.697999954       6.29234419E-05
 -0.695999980       6.29231945E-05
 -0.694000006       7.87108147E-05
 -0.691999972       7.87105091E-05
 -0.689999998       9.80223485E-05
 -0.687999964       9.80219775E-05
 -0.685999990       1.21531230E-04
 -0.684000015       1.21530786E-04
 -0.681999981       1.50012158E-04
 -0.679999948       1.50011620E-04
 -0.677999973       1.84350778E-04
 -0.675999999       1.84350138E-04
 -0.674000025       2.25552736E-04
 -0.671999991       2.25551979E-04
 -0.669999957       2.74752150E-04
 -0.667999983       2.74751277E-04
 -0.666000009       3.33219185E-04
 -0.663999975       3.33218108E-04
 -0.661999941       4.02366160E-04
 -0.659999967       4.02364938E-04
 -0.657999992       4.83752345E-04
 -0.656000018       4.83750948E-04
 -0.653999984       5.79086482E-04
 -0.651999950       5.79084852E-04
 -0.649999976       6.90226967E-04
 -0.648000002       6.90225104E-04
 -0.646000028       8.19179812E-04
 -0.643999994       8.19177658E-04
 -0.641999960       9.68093111E-04
 -0.639999986       9.68090666E-04
 -0.638000011       1.13924907E-03
 -0.635999978       1.13924628E-03
 -0.633999944       1.33505231E-03
 -0.631999969       1.33504905E-03
 -0.629999995       1.55801547E-03
 -0.628000021       1.55801175E-03
 -0.625999987       1.81074126E-03
 -0.623999953       1.81073707E-03
 -0.621999979       2.09590187E-03
 -0.620000005       2.09589722E-03
 -0.617999971       2.41621584E-03
 -0.615999997       2.41621071E-03
 -0.613999963       2.77442299E-03
 -0.611999989       2.77441740E-03
 -0.610000014       3.17325676E-03
 -0.607999980       3.17325071E-03
 -0.605999947       3.61541728E-03
 -0.603999972       3.61541030E-03
 -0.601999998       4.10354091E-03
 -0.600000024       4.10353346E-03
 -0.597999990       4.64017456E-03
 -0.595999956       4.64016618E-03
 -0.593999982       5.22774644E-03
 -0.592000008       5.22773759E-03
 -0.589999974       5.86854108E-03
 -0.587999940       5.86853223E-03
 -0.585999966       6.56467630E-03
 -0.583999991       6.56466745E-03
 -0.582000017       7.31808133E-03
 -0.579999983       7.31807202E-03
 -0.577999949       8.13047960E-03
 -0.575999975       8.13046936E-03
 -0.574000001       9.00337286E-03
 -0.571999967       9.00336169E-03
 -0.569999993       9.93803330E-03
 -0.567999959       9.93802026E-03
 -0.565999985       1.09354937E-02
 -0.564000010       1.09354798E-02
 -0.561999977       1.19965468E-02
 -0.559999943       1.19965319E-02
 -0.557999969       1.31217409E-02
 -0.555999994       1.31217260E-02
 -0.554000020       1.43113900E-02
 -0.551999986       1.43113751E-02
 -0.549999952       1.55655742E-02
 -0.547999978       1.55655593E-02
 -0.546000004       1.68841518E-02
 -0.543999970       1.68841369E-02
 -0.541999936       1.82667747E-02
 -0.539999962       1.82667598E-02
 -0.537999988       1.97128896E-02
 -0.536000013       1.97128747E-02
 -0.533999979       2.12217681E-02
 -0.531999946       2.12217513E-02
 -0.529999971       2.27925107E-02
 -0.527999997       2.27924921E-02
 -0.525999963       2.44240724E-02
 -0.523999989       2.44240537E-02
 -0.521999955       2.61152759E-02
 -0.519999981       2.61152573E-02
 -0.518000007       2.78648250E-02
 -0.515999973       2.78648064E-02
 -0.513999939       2.96713300E-02
 -0.511999965       2.96713095E-02
 -0.509999990       3.15333121E-02
 -0.508000016       3.15332897E-02
 -0.505999982       3.34492289E-02
 -0.503999949       3.34492065E-02
 -0.501999974       3.54174860E-02
 -0.500000000       3.54174636E-02
 -0.497999966       3.74364518E-02
 -0.495999992       3.74364294E-02
 -0.493999958       3.95044647E-02
 -0.491999984       3.95044424E-02
 -0.489999950       4.16198559E-02
 -0.487999976       4.16198336E-02
 -0.486000001       4.37809415E-02
 -0.483999968       4.37809192E-02
 -0.481999993       4.59860526E-02
 -0.479999959       4.59860303E-02
 -0.477999985       4.82335277E-02
 -0.475999951       4.82335053E-02
 -0.473999977       5.05217314E-02
 -0.472000003       5.05217090E-02
 -0.469999969       5.28490394E-02
 -0.467999995       5.28490171E-02
 -0.465999961       5.52138761E-02
 -0.463999987       5.52138500E-02
 -0.461999953       5.76146916E-02
 -0.459999979       5.76146655E-02
 -0.457999945       6.00499734E-02
 -0.455999970       6.00499474E-02
 -0.453999996       6.25182688E-02
 -0.451999962       6.25182390E-02
 -0.449999988       6.50181398E-02
 -0.447999954       6.50181174E-02
 -0.445999980       6.75482228E-02
 -0.443999946       6.75482005E-02
 -0.441999972       7.01071844E-02
 -0.439999998       7.01071620E-02
 -0.437999964       7.26937428E-02
 -0.435999990       7.26937205E-02
 -0.433999956       7.53066614E-02
 -0.431999981       7.53066391E-02
 -0.429999948       7.79447481E-02
 -0.427999973       7.79447258E-02
 -0.425999999       8.06068704E-02
 -0.423999965       8.06068480E-02
 -0.421999991       8.32919329E-02
 -0.419999957       8.32919106E-02
 -0.417999983       8.59988853E-02
 -0.415999949       8.59988630E-02
 -0.413999975       8.87267217E-02
 -0.412000000       8.87266994E-02
 -0.409999967       9.14744809E-02
 -0.407999992       9.14744586E-02
 -0.405999959       9.42412391E-02
 -0.403999984       9.42412168E-02
 -0.401999950       9.70261246E-02
 -0.399999976       9.70261022E-02
 -0.397999942       9.98282954E-02
 -0.395999968       9.98282805E-02
 -0.393999994      0.102646954    
 -0.391999960      0.102646939    
 -0.389999986      0.105481334    
 -0.387999952      0.105481319    
 -0.385999978      0.108330697    
 -0.383999944      0.108330689    
 -0.381999969      0.111194350    
 -0.379999995      0.111194350    
 -0.377999961      0.114071630    
 -0.375999987      0.114071630    
 -0.373999953      0.116961904    
 -0.371999979      0.116961904    
 -0.369999945      0.119864568    
 -0.367999971      0.119864576    
 -0.365999997      0.122779042    
 -0.363999963      0.122779049    
 -0.361999989      0.125704780    
 -0.359999955      0.125704780    
 -0.357999980      0.128641233    
 -0.355999947      0.128641248    
 -0.353999972      0.131587937    
 -0.351999998      0.131587952    
 -0.349999964      0.134544387    
 -0.347999990      0.134544402    
 -0.345999956      0.137510136    
 -0.343999982      0.137510136    
 -0.341999948      0.140484735    
 -0.339999974      0.140484735    
 -0.337999940      0.143467769    
 -0.335999966      0.143467769    
 -0.333999991      0.146458834    
 -0.331999958      0.146458849    
 -0.329999983      0.149457574    
 -0.327999949      0.149457574    
 -0.325999975      0.152463585    
 -0.323999941      0.152463600    
 -0.321999967      0.155476555    
 -0.319999993      0.155476555    
 -0.317999959      0.158496127    
 -0.315999985      0.158496127    
 -0.313999951      0.161522001    
 -0.311999977      0.161522001    
 -0.309999943      0.164553866    
 -0.307999969      0.164553866    
 -0.305999994      0.167591393    
 -0.303999960      0.167591393    
 -0.301999986      0.170634329    
 -0.299999952      0.170634329    
 -0.297999978      0.173682392    
 -0.295999944      0.173682392    
 -0.293999970      0.176735327    
 -0.291999996      0.176735327    
 -0.289999962      0.179792881    
 -0.287999988      0.179792881    
 -0.285999954      0.182854801    
 -0.283999979      0.182854801    
 -0.281999946      0.185920864    
 -0.279999971      0.185920849    
 -0.277999938      0.188990831    
 -0.275999963      0.188990816    
 -0.273999989      0.192064494    
 -0.271999955      0.192064479    
 -0.269999981      0.195141628    
 -0.267999947      0.195141628    
 -0.265999973      0.198222041    
 -0.263999939      0.198222056    
 -0.261999965      0.201305538    
 -0.259999990      0.201305553    
 -0.257999957      0.204391927    
 -0.255999982      0.204391941    
 -0.253999949      0.207481012    
 -0.251999974      0.207481027    
 -0.249999940      0.210572615    
 -0.247999966      0.210572615    
 -0.245999992      0.213666528    
 -0.243999958      0.213666528    
 -0.241999984      0.216762632    
 -0.239999950      0.216762632    
 -0.237999976      0.219860718    
 -0.235999942      0.219860718    
 -0.233999968      0.222960621    
 -0.231999993      0.222960621    
 -0.229999959      0.226062194    
 -0.227999985      0.226062194    
 -0.225999951      0.229165256    
 -0.223999977      0.229165241    
 -0.221999943      0.232269675    
 -0.219999969      0.232269660    
 -0.217999935      0.235375270    
 -0.215999961      0.235375255    
 -0.213999987      0.238481909    
 -0.211999953      0.238481879    
 -0.209999979      0.241589427    
 -0.207999945      0.241589397    
 -0.205999970      0.244697675    
 -0.203999937      0.244697645    
 -0.201999962      0.247806489    
 -0.199999988      0.247806460    
 -0.197999954      0.250915736    
 -0.195999980      0.250915706    
 -0.193999946      0.254025251    
 -0.191999972      0.254025221    
 -0.189999938      0.257134914    
 -0.187999964      0.257134855    
 -0.185999990      0.260244548    
 -0.183999956      0.260244489    
 -0.181999981      0.263354063    
 -0.179999948      0.263353974    
 -0.177999973      0.266463220    
 -0.175999939      0.266463161    
 -0.173999965      0.269571900    
 -0.171999931      0.269571841    
 -0.169999957      0.272679955    
 -0.167999983      0.272679895    
 -0.165999949      0.275787234    
 -0.163999975      0.275787175    
 -0.161999941      0.278893590    
 -0.159999967      0.278893530    
 -0.157999933      0.281998843    
 -0.155999959      0.281998754    
 -0.153999984      0.285102844    
 -0.151999950      0.285102785    
 -0.149999976      0.288205385    
 -0.147999942      0.288205385    
 -0.145999968      0.291306376    
 -0.143999934      0.291306376    
 -0.141999960      0.294405609    
 -0.139999986      0.294405609    
 -0.137999952      0.297502905    
 -0.135999978      0.297502935    
 -0.133999944      0.300598115    
 -0.131999969      0.300598085    
 -0.129999936      0.303691030    
 -0.127999961      0.303691000    
 -0.125999987      0.306781471    
 -0.123999953      0.306781411    
 -0.121999979      0.309869230    
 -0.119999945      0.309869170    
 -0.117999971      0.312954068    
 -0.115999937      0.312954009    
 -0.113999963      0.316035837    
 -0.111999929      0.316035807    
 -0.109999955      0.319114298    
 -0.107999980      0.319114238    
 -0.105999947      0.322189182    
 -0.103999972      0.322189152    
 -0.101999938      0.325260341    
  -9.99999642E-02  0.325260311    
  -9.79999304E-02  0.328327537    
  -9.59999561E-02  0.328327507    
  -9.39999819E-02  0.331390470    
  -9.19999480E-02  0.331390440    
  -8.99999738E-02  0.334448874    
  -8.79999399E-02  0.334448844    
  -8.59999657E-02  0.337502480    
  -8.39999318E-02  0.337502480    
  -8.19999576E-02  0.340551049    
  -7.99999833E-02  0.340551049    
  -7.79999495E-02  0.343594253    
  -7.59999752E-02  0.343594253    
  -7.39999413E-02  0.346631795    
  -7.19999671E-02  0.346631825    
  -6.99999332E-02  0.349663377    
  -6.79999590E-02  0.349663407    
  -6.59999847E-02  0.352688640    
  -6.39999509E-02  0.352688670    
  -6.19999766E-02  0.355707228    
  -5.99999428E-02  0.355707258    
  -5.79999685E-02  0.358718812    
  -5.59999347E-02  0.358718783    
  -5.39999604E-02  0.361722916    
  -5.19999266E-02  0.361722916    
  -4.99999523E-02  0.364719242    
  -4.79999781E-02  0.364719212    
  -4.59999442E-02  0.367707282    
  -4.39999700E-02  0.367707253    
  -4.19999361E-02  0.370686650    
  -3.99999619E-02  0.370686591    
  -3.79999280E-02  0.373656839    
  -3.59999537E-02  0.373656809    
  -3.39999795E-02  0.376617432    
  -3.19999456E-02  0.376617372    
  -2.99999714E-02  0.379567802    
  -2.79999375E-02  0.379567772    
  -2.59999633E-02  0.382507473    
  -2.39999294E-02  0.382507473    
  -2.19999552E-02  0.385435939    
  -1.99999809E-02  0.385435879    
  -1.79999471E-02  0.388352454    
  -1.59999728E-02  0.388352424    
  -1.39999390E-02  0.391256481    
  -1.19999647E-02  0.391256452    
  -9.99993086E-03  0.394147336    
  -7.99995661E-03  0.394147277    
  -5.99998236E-03  0.397024274    
  -3.99994850E-03  0.397024214    
  -1.99997425E-03  0.399886608    
   0.00000000      0.399886549    
   2.00009346E-03  0.402733564    
   4.00006771E-03  0.402733505    
   6.00004196E-03  0.405564278    
   8.00001621E-03  0.405564278    
   9.99999046E-03  0.408377945    
   1.20000839E-02  0.408377975    
   1.40000582E-02  0.411173671    
   1.60000324E-02  0.411173671    
   1.80000067E-02  0.413950503    
   2.00001001E-02  0.413950503    
   2.20000744E-02  0.416707367    
   2.40000486E-02  0.416707397    
   2.60000229E-02  0.419443309    
   2.79999971E-02  0.419443369    
   3.00000906E-02  0.422157198    
   3.20000648E-02  0.422157258    
   3.40000391E-02  0.424847901    
   3.60000134E-02  0.424847901    
   3.80001068E-02  0.427514136    
   4.00000811E-02  0.427514136    
   4.20000553E-02  0.430154711    
   4.40000296E-02  0.430154681    
   4.60000038E-02  0.432768255    
   4.80000973E-02  0.432768196    
   5.00000715E-02  0.435353369    
   5.20000458E-02  0.435353309    
   5.40000200E-02  0.437908620    
   5.59999943E-02  0.437908560    
   5.80000877E-02  0.440432549    
   6.00000620E-02  0.440432489    
   6.20000362E-02  0.442923546    
   6.40000105E-02  0.442923486    
   6.60001040E-02  0.445380002    
   6.80000782E-02  0.445379943    
   7.00000525E-02  0.447800219    
   7.20000267E-02  0.447800159    
   7.40000010E-02  0.450182468    
   7.60000944E-02  0.450182408    
   7.80000687E-02  0.452524990    
   8.00000429E-02  0.452524900    
   8.20000172E-02  0.454825878    
   8.40001106E-02  0.454825819    
   8.60000849E-02  0.457083315    
   8.80000591E-02  0.457083285    
   9.00000334E-02  0.459295392    
   9.20000076E-02  0.459295362    
   9.40001011E-02  0.461460114    
   9.60000753E-02  0.461460114    
   9.80000496E-02  0.463575572    
  0.100000024      0.463575602    
  0.101999998      0.465639770    
  0.104000092      0.465639800    
  0.106000066      0.467650801    
  0.108000040      0.467650831    
  0.110000014      0.469606638    
  0.112000108      0.469606727    
  0.114000082      0.471505433    
  0.116000056      0.471505523    
  0.118000031      0.473345339    
  0.120000005      0.473345399    
  0.122000098      0.475124538    
  0.124000072      0.475124598    
  0.126000047      0.476841331    
  0.128000021      0.476841390    
  0.129999995      0.478494197    
  0.132000089      0.478494227    
  0.134000063      0.480081677    
  0.136000037      0.480081677    
  0.138000011      0.481602460    
  0.140000105      0.481602460    
  0.142000079      0.483055502    
  0.144000053      0.483055472    
  0.146000028      0.484439850    
  0.148000002      0.484439850    
  0.150000095      0.485754907    
  0.152000070      0.485754907    
  0.154000044      0.487000257    
  0.156000018      0.487000257    
  0.158000112      0.488175750    
  0.160000086      0.488175750    
  0.162000060      0.489281535    
  0.164000034      0.489281505    
  0.166000009      0.490318030    
  0.168000102      0.490318000    
  0.170000076      0.491285980    
  0.172000051      0.491285950    
  0.174000025      0.492186457    
  0.175999999      0.492186427    
  0.178000093      0.493020803    
  0.180000067      0.493020743    
  0.182000041      0.493790656    
  0.184000015      0.493790597    
  0.186000109      0.494498014    
  0.188000083      0.494497895    
  0.190000057      0.495144993    
  0.192000031      0.495144904    
  0.194000006      0.495734155    
  0.196000099      0.495734006    
  0.198000073      0.496268064    
  0.200000048      0.496267945    
  0.202000022      0.496749610    
  0.204000115      0.496749520    
  0.206000090      0.497181803    
  0.208000064      0.497181714    
  0.210000038      0.497567743    
  0.212000012      0.497567654    
  0.214000106      0.497910619    
  0.216000080      0.497910500    
  0.218000054      0.498213649    
  0.220000029      0.498213530    
  0.222000003      0.498480022    
  0.224000096      0.498479962    
  0.226000071      0.498712927    
  0.228000045      0.498712927    
  0.230000019      0.498915493    
  0.232000113      0.498915493    
  0.234000087      0.499090701    
  0.236000061      0.499090672    
  0.238000035      0.499241352    
  0.240000010      0.499241322    
  0.242000103      0.499370158    
  0.244000077      0.499370188    
  0.246000051      0.499479681    
  0.248000026      0.499479741    
  0.250000000      0.499572307    
  0.252000093      0.499572366    
  0.254000068      0.499650151    
  0.256000042      0.499650210    
  0.258000016      0.499715239    
  0.260000110      0.499715269    
  0.262000084      0.499769270    
  0.264000058      0.499769300    
  0.266000032      0.499813914    
  0.268000007      0.499813914    
  0.270000100      0.499850512    
  0.272000074      0.499850541    
  0.274000049      0.499880403    
  0.276000023      0.499880433    
  0.278000116      0.499904633    
  0.280000091      0.499904662    
  0.282000065      0.499924153    
  0.284000039      0.499924153    
  0.286000013      0.499939770    
  0.288000107      0.499939770    
  0.290000081      0.499952197    
  0.292000055      0.499952197    
  0.294000030      0.499962032    
  0.296000004      0.499962032    
  0.298000097      0.499969780    
  0.300000072      0.499969780    
  0.302000046      0.499975771    
  0.304000020      0.499975771    
  0.306000113      0.499980420    
  0.308000088      0.499980420    
  0.310000062      0.499983996    
  0.312000036      0.499983996    
  0.314000010      0.499986708    
  0.316000104      0.499986708    
  0.318000078      0.499988705    
  0.320000052      0.499988705    
  0.322000027      0.499990135    
  0.324000120      0.499990135    
  0.326000094      0.499991179    
  0.328000069      0.499991179    
  0.330000043      0.499991924    
  0.332000017      0.499991924    
  0.334000111      0.499992430    
  0.336000085      0.499992430    
  0.338000059      0.499992698    
  0.340000033      0.499992698    
  0.342000008      0.499992847    
  0.344000101      0.499992847    
  0.346000075      0.499992877    
  0.348000050      0.499992877    
  0.350000024      0.499992907    
  0.352000117      0.499992907    
  0.354000092      0.499992937    
  0.356000066      0.499992937    
  0.358000040      0.499992967    
  0.360000014      0.499992967    
  0.362000108      0.499992996    
  0.364000082      0.499992996    
  0.366000056      0.499993026    
  0.368000031      0.499993026    
  0.370000124      0.499993056    
  0.372000098      0.499993056    
  0.374000072      0.499993086    
  0.376000047      0.499993086    
  0.378000021      0.499993116    
  0.380000114      0.499993116    
  0.382000089      0.499993145    
  0.384000063      0.499993145    
  0.386000037      0.499993175    
  0.388000011      0.499993175    
  0.390000105      0.499993205    
  0.392000079      0.499993205    
  0.394000053      0.499993235    
  0.396000028      0.499993235    
  0.398000121      0.499993265    
  0.400000095      0.499993265    
  0.402000070      0.499993294    
  0.404000044      0.499993294    
  0.406000018      0.499993324    
  0.408000112      0.499993324    
  0.410000086      0.499993354    
  0.412000060      0.499993354    
  0.414000034      0.499993384    
  0.416000009      0.499993384    
  0.418000102      0.499993414    
  0.420000076      0.499993414    
  0.422000051      0.499993443    
  0.424000025      0.499993443    
  0.426000118      0.499993473    
  0.428000093      0.499993473    
  0.430000067      0.499993503    
  0.432000041      0.499993503    
  0.434000015      0.499993533    
  0.436000109      0.499993533    
  0.438000083      0.499993563    
  0.440000057      0.499993563    
  0.442000031      0.499993593    
  0.444000125      0.499993593    
  0.446000099      0.499993622    
  0.448000073      0.499993622    
  0.450000048      0.499993652    
  0.452000022      0.499993652    
  0.454000115      0.499993682    
  0.456000090      0.499993682    
  0.458000064      0.499993712    
  0.460000038      0.499993712    
  0.462000012      0.499993742    
  0.464000106      0.499993742    
  0.466000080      0.499993771    
  0.468000054      0.499993771    
  0.470000029      0.499993801    
  0.472000122      0.499993801    
  0.474000096      0.499993831    
  0.476000071      0.499993831    
  0.478000045      0.499993861    
  0.480000019      0.499993861    
  0.482000113      0.499993891    
  0.484000087      0.499993891    
  0.486000061      0.499993920    
  0.488000035      0.499993920    
  0.490000129      0.499993950    
  0.492000103      0.499993950    
  0.494000077      0.499993980    
  0.496000051      0.499993980    
  0.498000026      0.499994010    
  0.500000119      0.499994010    
  0.502000093      0.499994040    
  0.504000068      0.499994040    
  0.506000042      0.499994069    
  0.508000016      0.499994069    
  0.510000110      0.499994099    
  0.512000084      0.499994099    
  0.514000058      0.499994129    
  0.516000032      0.499994129    
  0.518000126      0.499994159    
  0.520000100      0.499994159    
  0.522000074      0.499994189    
  0.524000049      0.499994189    
  0.526000023      0.499994218    
  0.528000116      0.499994218    
  0.530000091      0.499994248    
  0.532000065      0.499994248    
  0.534000039      0.499994278    
  0.536000013      0.499994278    
  0.538000107      0.499994308    
  0.540000081      0.499994308    
  0.542000055      0.499994338    
  0.544000030      0.499994338    
  0.546000123      0.499994367    
  0.548000097      0.499994367    
  0.550000072      0.499994397    
  0.552000046      0.499994397    
  0.554000020      0.499994427    
  0.556000113      0.499994427    
  0.558000088      0.499994457    
  0.560000062      0.499994457    
  0.562000036      0.499994487    
  0.564000130      0.499994487    
  0.566000104      0.499994516    
  0.568000078      0.499994516    
  0.570000052      0.499994546    
  0.572000027      0.499994546    
  0.574000120      0.499994576    
  0.576000094      0.499994576    
  0.578000069      0.499994606    
  0.580000043      0.499994606    
  0.582000017      0.499994636    
  0.584000111      0.499994636    
  0.586000085      0.499994665    
  0.588000059      0.499994665    
  0.590000033      0.499994695    
  0.592000127      0.499994695    
  0.594000101      0.499994725    
  0.596000075      0.499994725    
  0.598000050      0.499994755    
  0.600000024      0.499994755    
  0.602000117      0.499994785    
  0.604000092      0.499994785    
  0.606000066      0.499994814    
  0.608000040      0.499994814    
  0.610000134      0.499994844    
  0.612000108      0.499994844    
  0.614000082      0.499994874    
  0.616000056      0.499994874    
  0.618000031      0.499994904    
  0.620000124      0.499994904    
  0.622000098      0.499994934    
  0.624000072      0.499994934    
  0.626000047      0.499994963    
  0.628000021      0.499994963    
  0.630000114      0.499994993    
  0.632000089      0.499994993    
  0.634000063      0.499995023    
  0.636000037      0.499995023    
  0.638000131      0.499995053    
  0.640000105      0.499995053    
  0.642000079      0.499995083    
  0.644000053      0.499995083    
  0.646000028      0.499995112    
  0.648000121      0.499995112    
  0.650000095      0.499995142    
  0.652000070      0.499995142    
  0.654000044      0.499995172    
  0.656000137      0.499995172    
  0.658000112      0.499995202    
  0.660000086      0.499995202    
  0.662000060      0.499995232    
  0.664000034      0.499995232    
  0.666000128      0.499995261    
  0.668000102      0.499995261    
  0.670000076      0.499995291    
  0.672000051      0.499995291    
  0.674000025      0.499995321    
  0.676000118      0.499995321    
  0.678000093      0.499995351    
  0.680000067      0.499995351    
  0.682000041      0.499995381    
  0.684000134      0.499995381    
  0.686000109      0.499995410    
  0.688000083      0.499995410    
  0.690000057      0.499995440    
  0.692000031      0.499995440    
  0.694000125      0.499995470    
  0.696000099      0.499995470    
  0.698000073      0.499995500    
  0.700000048      0.499995500    
  0.702000022      0.499995530    
  0.704000115      0.499995530    
  0.706000090      0.499995559    
  0.708000064      0.499995559    
  0.710000038      0.499995589    
  0.712000132      0.499995589    
  0.714000106      0.499995619    
  0.716000080      0.499995589    
  0.718000054      0.499995619    
  0.720000029      0.499995440    
  0.722000122      0.499995470    
  0.724000096      0.499994993    
  0.726000071      0.499995023    
  0.728000045      0.499993980    
  0.730000138      0.499994010    
  0.732000113      0.499991715    
  0.734000087      0.499991745    
  0.736000061      0.499987036    
  0.738000035      0.499987066    
  0.740000129      0.499977469    
  0.742000103      0.499977499    
  0.744000077      0.499957949    
  0.746000051      0.499957949    
  0.748000026      0.499918252    
  0.750000119      0.499918252    
  0.752000093      0.499837756    
  0.754000068      0.499837756    
  0.756000042      0.499674648    
  0.758000135      0.499674618    
  0.760000110      0.499344289    
  0.762000084      0.499344230    
  0.764000058      0.498676151    
  0.766000032      0.498676062    
  0.768000126      0.497327924    
  0.770000100      0.497327805    
  0.772000074      0.494619817    
  0.774000049      0.494619757    
  0.776000142      0.489229649    
  0.778000116      0.489229679    
  0.780000091      0.478691936    
  0.782000065      0.478692085    
  0.784000039      0.458788753    
  0.786000133      0.458789170    
  0.788000107      0.423496813    
  0.790000081      0.423497617    
  0.792000055      0.367255151    
  0.794000030      0.367256463    
  0.796000123      0.290885448    
  0.798000097      0.290887147    
  0.800000072      0.206410214    
  0.802000046      0.206411973    
  0.804000139      0.131383315    
  0.806000113      0.131384760    
  0.808000088       7.65843093E-02
  0.810000062       7.65853077E-02
  0.812000036       4.20331359E-02
  0.814000130       4.20337394E-02
  0.816000104       2.22439133E-02
  0.818000078       2.22442579E-02
  0.820000052       1.15337195E-02
  0.822000146       1.15339067E-02
  0.824000120       5.91549650E-03
  0.826000094       5.91559615E-03
  0.828000069       3.01678712E-03
  0.830000043       3.01683950E-03
  0.832000136       1.53401226E-03
  0.834000111       1.53403939E-03
  0.836000085       7.78869377E-04
  0.838000059       7.78883521E-04
  0.840000033       3.95157724E-04
  0.842000127       3.95164941E-04
  0.844000101       2.00404960E-04
  0.846000075       2.00408642E-04
  0.848000050       1.01615762E-04
  0.850000143       1.01617639E-04
  0.852000117       5.15193024E-05
  0.854000092       5.15202628E-05
  0.856000066       2.61189834E-05
  0.858000040       2.61194727E-05
  0.860000134       1.32412952E-05
  0.862000108       1.32415480E-05
  0.864000082       6.71270936E-06
  0.866000056       6.71283942E-06
  0.868000031       3.40299084E-06
  0.870000124       3.40305724E-06
  0.872000098       1.72512364E-06
  0.874000072       1.72515752E-06
  0.876000047       8.74533271E-07
  0.878000140       8.74550551E-07
  0.880000114       4.43331686E-07
  0.882000089       4.43340468E-07
  0.884000063       2.24738159E-07
  0.886000037       2.24742649E-07
  0.888000131       1.13925111E-07
  0.890000105       1.13927399E-07
  0.892000079       5.77504622E-08
  0.894000053       5.77516204E-08
  0.896000147       2.92740747E-08
  0.898000121       2.92746591E-08
  0.900000095       1.48388644E-08
  0.902000070       1.48391601E-08
  0.904000044       7.52151941E-09
  0.906000137       7.52166684E-09
  0.908000112       3.81236909E-09
  0.910000086       3.81244325E-09
  0.912000060       1.93225924E-09
  0.914000034       1.93229654E-09
  0.916000128       9.79293424E-10
  0.918000102       9.79312187E-10
  0.920000076       4.96286512E-10
  0.922000051       4.96295949E-10
  0.924000144       2.51488830E-10
  0.926000118       2.51493604E-10
  0.928000093       1.27428040E-10
  0.930000067       1.27430427E-10
  0.932000041       6.45600240E-11
  0.934000134       6.45612175E-11
  0.936000109       3.27043913E-11
  0.938000083       3.27049846E-11
  0.940000057       1.65646420E-11
  0.942000151       1.65649404E-11
  0.944000125       8.38842364E-12
  0.946000099       8.38857282E-12
  0.948000073       4.24705627E-12
  0.950000048       4.24713129E-12
  0.952000141       2.14976301E-12
  0.954000115       2.14980074E-12
  0.956000090       1.08785723E-12
  0.958000064       1.08787610E-12
  0.960000038       5.50318363E-13
  0.962000132       5.50327850E-13
  0.964000106       2.78289598E-13
  0.966000080       2.78294450E-13
  0.968000054       1.40669269E-13
  0.970000148       1.40671749E-13
  0.972000122       7.10717834E-14
  0.974000096       7.10730777E-14
  0.976000071       3.58893620E-14
  0.978000045       3.58900938E-14
  0.980000138       1.81125307E-14
  0.982000113       1.81130288E-14
  0.984000087       9.13513175E-15
  0.986000061       9.13561795E-15
  0.988000035       4.60433473E-15
  0.990000129       4.60499880E-15
  0.992000103       2.31949427E-15
  0.994000077       2.32057297E-15
  0.996000051       1.16864500E-15
  0.998000145       1.17050572E-15
