  -1.00000000       3.04252934E-12
 -0.998000026       3.04305734E-12
 -0.995999992       1.54277134E-12
 -0.994000018       1.54355142E-12
 -0.991999984       7.83160591E-13
 -0.990000010       7.84378259E-13
 -0.987999976       3.99008870E-13
 -0.986000001       4.00939563E-13
 -0.984000027       2.05644746E-13
 -0.981999993       2.08713011E-13
 -0.980000019       1.09750045E-13
 -0.977999985       1.14616216E-13
 -0.976000011       6.44723126E-14
 -0.973999977       7.21634734E-14
 -0.972000003       4.67583058E-14
 -0.970000029       5.88676108E-14
 -0.967999995       4.59974906E-14
 -0.966000021       6.49867936E-14
 -0.963999987       5.84673979E-14
 -0.962000012       8.81254840E-14
 -0.959999979       8.48230449E-14
 -0.958000004       1.30956538E-13
 -0.955999970       1.29283140E-13
 -0.953999996       2.00753815E-13
 -0.952000022       1.99904804E-13
 -0.949999988       3.10180050E-13
 -0.948000014       3.09747480E-13
 -0.945999980       4.79207602E-13
 -0.944000006       4.78984365E-13
 -0.941999972       7.38340975E-13
 -0.939999998       7.38221496E-13
 -0.938000023       1.13355918E-12
 -0.935999990       1.13348892E-12
 -0.934000015       1.73366801E-12
 -0.931999981       1.73361792E-12
 -0.930000007       2.64109654E-12
 -0.927999973       2.64104971E-12
 -0.925999999       4.00763103E-12
 -0.924000025       4.00757552E-12
 -0.921999991       6.05722156E-12
 -0.920000017       6.05714741E-12
 -0.917999983       9.11887926E-12
 -0.916000009       9.11877518E-12
 -0.913999975       1.36739127E-11
 -0.912000000       1.36737626E-11
 -0.909999967       2.04234303E-11
 -0.907999992       2.04232117E-11
 -0.906000018       3.03843790E-11
 -0.903999984       3.03840668E-11
 -0.902000010       4.50255770E-11
 -0.899999976       4.50251295E-11
 -0.898000002       6.64594491E-11
 -0.896000028       6.64588037E-11
 -0.893999994       9.77111447E-11
 -0.892000020       9.77102149E-11
 -0.889999986       1.43094397E-10
 -0.888000011       1.43093093E-10
 -0.885999978       2.08734238E-10
 -0.884000003       2.08732392E-10
 -0.881999969       3.03290337E-10
 -0.879999995       3.03287701E-10
 -0.878000021       4.38953512E-10
 -0.875999987       4.38949765E-10
 -0.874000013       6.32812136E-10
 -0.871999979       6.32806918E-10
 -0.870000005       9.08717213E-10
 -0.868000031       9.08709719E-10
 -0.865999997       1.29981481E-09
 -0.863999963       1.29980438E-09
 -0.861999989       1.85197135E-09
 -0.860000014       1.85195681E-09
 -0.857999980       2.62838107E-09
 -0.856000006       2.62836108E-09
 -0.853999972       3.71573639E-09
 -0.851999998       3.71570819E-09
 -0.850000024       5.23245047E-09
 -0.847999990       5.23241095E-09
 -0.845999956       7.33956229E-09
 -0.843999982       7.33950722E-09
 -0.842000008       1.02551301E-08
 -0.839999974       1.02550537E-08
 -0.838000000       1.42731329E-08
 -0.835999966       1.42730281E-08
 -0.833999991       1.97881729E-08
 -0.832000017       1.97880290E-08
 -0.829999983       2.73275980E-08
 -0.828000009       2.73274026E-08
 -0.825999975       3.75930611E-08
 -0.824000001       3.75927982E-08
 -0.822000027       5.15140286E-08
 -0.819999993       5.15136733E-08
 -0.817999959       7.03162897E-08
 -0.815999985       7.03158207E-08
 -0.814000010       9.56092947E-08
 -0.811999977       9.56086694E-08
 -0.810000002       1.29496797E-07
 -0.807999969       1.29495959E-07
 -0.805999994       1.74716448E-07
 -0.804000020       1.74715339E-07
 -0.801999986       2.34814763E-07
 -0.800000012       2.34813299E-07
 -0.797999978       3.14365479E-07
 -0.796000004       3.14363547E-07
 -0.793999970       4.19240422E-07
 -0.791999996       4.19237949E-07
 -0.789999962       5.56943689E-07
 -0.787999988       5.56940563E-07
 -0.786000013       7.37021765E-07
 -0.783999979       7.37017672E-07
 -0.782000005       9.71563622E-07
 -0.779999971       9.71558393E-07
 -0.777999997       1.27580699E-06
 -0.776000023       1.27580029E-06
 -0.773999989       1.66887014E-06
 -0.771999955       1.66886150E-06
 -0.769999981       2.17462775E-06
 -0.768000007       2.17461661E-06
 -0.765999973       2.82275460E-06
 -0.763999999       2.82274004E-06
 -0.761999965       3.64995981E-06
 -0.759999990       3.64994116E-06
 -0.758000016       4.70143914E-06
 -0.755999982       4.70141549E-06
 -0.754000008       6.03256922E-06
 -0.751999974       6.03253966E-06
 -0.750000000       7.71087525E-06
 -0.748000026       7.71083796E-06
 -0.745999992       9.81829271E-06
 -0.743999958       9.81824633E-06
 -0.741999984       1.24537537E-05
 -0.740000010       1.24536973E-05
 -0.737999976       1.57361246E-05
 -0.736000001       1.57360537E-05
 -0.733999968       1.98075049E-05
 -0.731999993       1.98074140E-05
 -0.730000019       2.48369033E-05
 -0.727999985       2.48367924E-05
 -0.725999951       3.10243195E-05
 -0.723999977       3.10241812E-05
 -0.722000003       3.86051906E-05
 -0.720000029       3.86050233E-05
 -0.717999995       4.78552320E-05
 -0.715999961       4.78550355E-05
 -0.713999987       5.90956151E-05
 -0.712000012       5.90953860E-05
 -0.709999979       7.26984654E-05
 -0.707999945       7.26981962E-05
 -0.705999970       8.90925949E-05
 -0.703999996       8.90922674E-05
 -0.702000022       1.08769404E-04
 -0.699999988       1.08769018E-04
 -0.697999954       1.32288929E-04
 -0.695999980       1.32288464E-04
 -0.694000006       1.60285766E-04
 -0.691999972       1.60285213E-04
 -0.689999998       1.93474873E-04
 -0.687999964       1.93474232E-04
 -0.685999990       2.32657083E-04
 -0.684000015       2.32656326E-04
 -0.681999981       2.78724066E-04
 -0.679999948       2.78723193E-04
 -0.677999973       3.32662661E-04
 -0.675999999       3.32661613E-04
 -0.674000025       3.95558367E-04
 -0.671999991       3.95557145E-04
 -0.669999957       4.68597718E-04
 -0.667999983       4.68596234E-04
 -0.666000009       5.53069462E-04
 -0.663999975       5.53067774E-04
 -0.661999941       6.50364440E-04
 -0.659999967       6.50362577E-04
 -0.657999992       7.61973613E-04
 -0.656000018       7.61971518E-04
 -0.653999984       8.89484596E-04
 -0.651999950       8.89482209E-04
 -0.649999976       1.03457633E-03
 -0.648000002       1.03457365E-03
 -0.646000028       1.19901192E-03
 -0.643999994       1.19900901E-03
 -0.641999960       1.38462964E-03
 -0.639999986       1.38462649E-03
 -0.638000011       1.59333204E-03
 -0.635999978       1.59332855E-03
 -0.633999944       1.82707317E-03
 -0.631999969       1.82706933E-03
 -0.629999995       2.08784454E-03
 -0.628000021       2.08784034E-03
 -0.625999987       2.37765978E-03
 -0.623999953       2.37765512E-03
 -0.621999979       2.69853766E-03
 -0.620000005       2.69853254E-03
 -0.617999971       3.05248494E-03
 -0.615999997       3.05247959E-03
 -0.613999963       3.44147882E-03
 -0.611999989       3.44147277E-03
 -0.610000014       3.86744784E-03
 -0.607999980       3.86744086E-03
 -0.605999947       4.33225557E-03
 -0.603999972       4.33224766E-03
 -0.601999998       4.83768154E-03
 -0.600000024       4.83767362E-03
 -0.597999990       5.38540818E-03
 -0.595999956       5.38539980E-03
 -0.593999982       5.97700244E-03
 -0.592000008       5.97699312E-03
 -0.589999974       6.61390554E-03
 -0.587999940       6.61389530E-03
 -0.585999966       7.29741808E-03
 -0.583999991       7.29740784E-03
 -0.582000017       8.02869443E-03
 -0.579999983       8.02868418E-03
 -0.577999949       8.80873296E-03
 -0.575999975       8.80872179E-03
 -0.574000001       9.63837001E-03
 -0.571999967       9.63835884E-03
 -0.569999993       1.05182799E-02
 -0.567999959       1.05182668E-02
 -0.565999985       1.14489682E-02
 -0.564000010       1.14489542E-02
 -0.561999977       1.24307787E-02
 -0.559999943       1.24307647E-02
 -0.557999969       1.34638948E-02
 -0.555999994       1.34638809E-02
 -0.554000020       1.45483436E-02
 -0.551999986       1.45483278E-02
 -0.549999952       1.56840011E-02
 -0.547999978       1.56839862E-02
 -0.546000004       1.68705992E-02
 -0.543999970       1.68705843E-02
 -0.541999936       1.81077383E-02
 -0.539999962       1.81077234E-02
 -0.537999988       1.93948913E-02
 -0.536000013       1.93948764E-02
 -0.533999979       2.07314193E-02
 -0.531999946       2.07314026E-02
 -0.529999971       2.21165754E-02
 -0.527999997       2.21165586E-02
 -0.525999963       2.35495232E-02
 -0.523999989       2.35495064E-02
 -0.521999955       2.50293426E-02
 -0.519999981       2.50293240E-02
 -0.518000007       2.65550390E-02
 -0.515999973       2.65550204E-02
 -0.513999939       2.81255580E-02
 -0.511999965       2.81255394E-02
 -0.509999990       2.97397953E-02
 -0.508000016       2.97397766E-02
 -0.505999982       3.13966013E-02
 -0.503999949       3.13965827E-02
 -0.501999974       3.30947973E-02
 -0.500000000       3.30947749E-02
 -0.497999966       3.48331779E-02
 -0.495999992       3.48331556E-02
 -0.493999958       3.66105214E-02
 -0.491999984       3.66104953E-02
 -0.489999950       3.84255908E-02
 -0.487999976       3.84255648E-02
 -0.486000001       4.02771570E-02
 -0.483999968       4.02771309E-02
 -0.481999993       4.21639904E-02
 -0.479999959       4.21639644E-02
 -0.477999985       4.40848619E-02
 -0.475999951       4.40848358E-02
 -0.473999977       4.60385643E-02
 -0.472000003       4.60385345E-02
 -0.469999969       4.80239019E-02
 -0.467999995       4.80238721E-02
 -0.465999961       5.00397049E-02
 -0.463999987       5.00396751E-02
 -0.461999953       5.20848148E-02
 -0.459999979       5.20847887E-02
 -0.457999945       5.41581139E-02
 -0.455999970       5.41580878E-02
 -0.453999996       5.62585071E-02
 -0.451999962       5.62584773E-02
 -0.449999988       5.83849177E-02
 -0.447999954       5.83848916E-02
 -0.445999980       6.05363101E-02
 -0.443999946       6.05362840E-02
 -0.441999972       6.27116784E-02
 -0.439999998       6.27116561E-02
 -0.437999964       6.49100468E-02
 -0.435999990       6.49100170E-02
 -0.433999956       6.71304688E-02
 -0.431999981       6.71304390E-02
 -0.429999948       6.93720356E-02
 -0.427999973       6.93720132E-02
 -0.425999999       7.16338754E-02
 -0.423999965       7.16338530E-02
 -0.421999991       7.39151388E-02
 -0.419999957       7.39151165E-02
 -0.417999983       7.62150139E-02
 -0.415999949       7.62149915E-02
 -0.413999975       7.85327107E-02
 -0.412000000       7.85326883E-02
 -0.409999967       8.08674842E-02
 -0.407999992       8.08674693E-02
 -0.405999959       8.32186192E-02
 -0.403999984       8.32186043E-02
 -0.401999950       8.55854154E-02
 -0.399999976       8.55854005E-02
 -0.397999942       8.79672095E-02
 -0.395999968       8.79671872E-02
 -0.393999994       9.03633609E-02
 -0.391999960       9.03633386E-02
 -0.389999986       9.27732587E-02
 -0.387999952       9.27732363E-02
 -0.385999978       9.51963142E-02
 -0.383999944       9.51962918E-02
 -0.381999969       9.76319760E-02
 -0.379999995       9.76319611E-02
 -0.377999961      0.100079708    
 -0.375999987      0.100079693    
 -0.373999953      0.102538988    
 -0.371999979      0.102538973    
 -0.369999945      0.105009332    
 -0.367999971      0.105009317    
 -0.365999997      0.107490279    
 -0.363999963      0.107490264    
 -0.361999989      0.109981373    
 -0.359999955      0.109981358    
 -0.357999980      0.112482183    
 -0.355999947      0.112482160    
 -0.353999972      0.114992291    
 -0.351999998      0.114992268    
 -0.349999964      0.117511310    
 -0.347999990      0.117511295    
 -0.345999956      0.120038852    
 -0.343999982      0.120038845    
 -0.341999948      0.122574568    
 -0.339999974      0.122574568    
 -0.337999940      0.125118107    
 -0.335999966      0.125118107    
 -0.333999991      0.127669156    
 -0.331999958      0.127669156    
 -0.329999983      0.130227372    
 -0.327999949      0.130227372    
 -0.325999975      0.132792458    
 -0.323999941      0.132792458    
 -0.321999967      0.135364145    
 -0.319999993      0.135364145    
 -0.317999959      0.137942120    
 -0.315999985      0.137942120    
 -0.313999951      0.140526161    
 -0.311999977      0.140526161    
 -0.309999943      0.143115968    
 -0.307999969      0.143115982    
 -0.305999994      0.145711318    
 -0.303999960      0.145711333    
 -0.301999986      0.148311973    
 -0.299999952      0.148311988    
 -0.297999978      0.150917709    
 -0.295999944      0.150917724    
 -0.293999970      0.153528318    
 -0.291999996      0.153528318    
 -0.289999962      0.156143561    
 -0.287999988      0.156143561    
 -0.285999954      0.158763260    
 -0.283999979      0.158763260    
 -0.281999946      0.161387220    
 -0.279999971      0.161387220    
 -0.277999938      0.164015248    
 -0.275999963      0.164015248    
 -0.273999989      0.166647181    
 -0.271999955      0.166647181    
 -0.269999981      0.169282824    
 -0.267999947      0.169282839    
 -0.265999973      0.171922028    
 -0.263999939      0.171922043    
 -0.261999965      0.174564630    
 -0.259999990      0.174564645    
 -0.257999957      0.177210480    
 -0.255999982      0.177210510    
 -0.253999949      0.179859444    
 -0.251999974      0.179859444    
 -0.249999940      0.182511345    
 -0.247999966      0.182511345    
 -0.245999992      0.185166031    
 -0.243999958      0.185166046    
 -0.241999984      0.187823400    
 -0.239999950      0.187823415    
 -0.237999976      0.190483317    
 -0.235999942      0.190483332    
 -0.233999968      0.193145663    
 -0.231999993      0.193145677    
 -0.229999959      0.195810303    
 -0.227999985      0.195810318    
 -0.225999951      0.198477104    
 -0.223999977      0.198477134    
 -0.221999943      0.201145977    
 -0.219999969      0.201145992    
 -0.217999935      0.203816786    
 -0.215999961      0.203816786    
 -0.213999987      0.206489429    
 -0.211999953      0.206489429    
 -0.209999979      0.209163800    
 -0.207999945      0.209163785    
 -0.205999970      0.211839795    
 -0.203999937      0.211839780    
 -0.201999962      0.214517310    
 -0.199999988      0.214517295    
 -0.197999954      0.217196241    
 -0.195999980      0.217196226    
 -0.193999946      0.219876468    
 -0.191999972      0.219876468    
 -0.189999938      0.222557932    
 -0.187999964      0.222557932    
 -0.185999990      0.225240529    
 -0.183999956      0.225240514    
 -0.181999981      0.227924153    
 -0.179999948      0.227924138    
 -0.177999973      0.230608717    
 -0.175999939      0.230608717    
 -0.173999965      0.233294129    
 -0.171999931      0.233294129    
 -0.169999957      0.235980317    
 -0.167999983      0.235980287    
 -0.165999949      0.238667160    
 -0.163999975      0.238667130    
 -0.161999941      0.241354570    
 -0.159999967      0.241354540    
 -0.157999933      0.244042486    
 -0.155999959      0.244042471    
 -0.153999984      0.246730819    
 -0.151999950      0.246730790    
 -0.149999976      0.249419466    
 -0.147999942      0.249419451    
 -0.145999968      0.252108335    
 -0.143999934      0.252108335    
 -0.141999960      0.254797369    
 -0.139999986      0.254797339    
 -0.137999952      0.257486463    
 -0.135999978      0.257486433    
 -0.133999944      0.260175496    
 -0.131999969      0.260175467    
 -0.129999936      0.262864441    
 -0.127999961      0.262864411    
 -0.125999987      0.265553206    
 -0.123999953      0.265553176    
 -0.121999979      0.268241674    
 -0.119999945      0.268241644    
 -0.117999971      0.270929754    
 -0.115999937      0.270929724    
 -0.113999963      0.273617387    
 -0.111999929      0.273617357    
 -0.109999955      0.276304483    
 -0.107999980      0.276304424    
 -0.105999947      0.278990924    
 -0.103999972      0.278990865    
 -0.101999938      0.281676590    
  -9.99999642E-02  0.281676590    
  -9.79999304E-02  0.284361452    
  -9.59999561E-02  0.284361452    
  -9.39999819E-02  0.287045389    
  -9.19999480E-02  0.287045419    
  -8.99999738E-02  0.289728343    
  -8.79999399E-02  0.289728373    
  -8.59999657E-02  0.292410165    
  -8.39999318E-02  0.292410165    
  -8.19999576E-02  0.295090705    
  -7.99999833E-02  0.295090705    
  -7.79999495E-02  0.297769964    
  -7.59999752E-02  0.297769964    
  -7.39999413E-02  0.300447792    
  -7.19999671E-02  0.300447762    
  -6.99999332E-02  0.303124070    
  -6.79999590E-02  0.303124040    
  -6.59999847E-02  0.305798709    
  -6.39999509E-02  0.305798709    
  -6.19999766E-02  0.308471590    
  -5.99999428E-02  0.308471590    
  -5.79999685E-02  0.311142594    
  -5.59999347E-02  0.311142594    
  -5.39999604E-02  0.313811600    
  -5.19999266E-02  0.313811600    
  -4.99999523E-02  0.316478521    
  -4.79999781E-02  0.316478491    
  -4.59999442E-02  0.319143176    
  -4.39999700E-02  0.319143146    
  -4.19999361E-02  0.321805418    
  -3.99999619E-02  0.321805418    
  -3.79999280E-02  0.324465156    
  -3.59999537E-02  0.324465156    
  -3.39999795E-02  0.327122241    
  -3.19999456E-02  0.327122241    
  -2.99999714E-02  0.329776525    
  -2.79999375E-02  0.329776496    
  -2.59999633E-02  0.332427859    
  -2.39999294E-02  0.332427830    
  -2.19999552E-02  0.335076094    
  -1.99999809E-02  0.335076064    
  -1.79999471E-02  0.337721020    
  -1.59999728E-02  0.337720960    
  -1.39999390E-02  0.340362519    
  -1.19999647E-02  0.340362459    
  -9.99993086E-03  0.343000382    
  -7.99995661E-03  0.343000323    
  -5.99998236E-03  0.345634431    
  -3.99994850E-03  0.345634401    
  -1.99997425E-03  0.348264515    
   0.00000000      0.348264515    
   2.00009346E-03  0.350890398    
   4.00006771E-03  0.350890398    
   6.00004196E-03  0.353511870    
   8.00001621E-03  0.353511870    
   9.99999046E-03  0.356128752    
   1.20000839E-02  0.356128752    
   1.40000582E-02  0.358740747    
   1.60000324E-02  0.358740777    
   1.80000067E-02  0.361347735    
   2.00001001E-02  0.361347735    
   2.20000744E-02  0.363949358    
   2.40000486E-02  0.363949388    
   2.60000229E-02  0.366545409    
   2.79999971E-02  0.366545439    
   3.00000906E-02  0.369135618    
   3.20000648E-02  0.369135678    
   3.40000391E-02  0.371719748    
   3.60000134E-02  0.371719778    
   3.80001068E-02  0.374297440    
   4.00000811E-02  0.374297440    
   4.20000553E-02  0.376868457    
   4.40000296E-02  0.376868427    
   4.60000038E-02  0.379432380    
   4.80000973E-02  0.379432321    
   5.00000715E-02  0.381988943    
   5.20000458E-02  0.381988883    
   5.40000200E-02  0.384537756    
   5.59999943E-02  0.384537667    
   5.80000877E-02  0.387078464    
   6.00000620E-02  0.387078345    
   6.20000362E-02  0.389610648    
   6.40000105E-02  0.389610559    
   6.60001040E-02  0.392133981    
   6.80000782E-02  0.392133892    
   7.00000525E-02  0.394647956    
   7.20000267E-02  0.394647896    
   7.40000010E-02  0.397152156    
   7.60000944E-02  0.397152126    
   7.80000687E-02  0.399646133    
   8.00000429E-02  0.399646074    
   8.20000172E-02  0.402129322    
   8.40001106E-02  0.402129322    
   8.60000849E-02  0.404601306    
   8.80000591E-02  0.404601306    
   9.00000334E-02  0.407061517    
   9.20000076E-02  0.407061458    
   9.40001011E-02  0.409509361    
   9.60000753E-02  0.409509301    
   9.80000496E-02  0.411944240    
  0.100000024      0.411944181    
  0.101999998      0.414365530    
  0.104000092      0.414365530    
  0.106000066      0.416772604    
  0.108000040      0.416772604    
  0.110000014      0.419164777    
  0.112000108      0.419164747    
  0.114000082      0.421541274    
  0.116000056      0.421541274    
  0.118000031      0.423901379    
  0.120000005      0.423901379    
  0.122000098      0.426244318    
  0.124000072      0.426244318    
  0.126000047      0.428569317    
  0.128000021      0.428569257    
  0.129999995      0.430875391    
  0.132000089      0.430875331    
  0.134000063      0.433161676    
  0.136000037      0.433161646    
  0.138000011      0.435427308    
  0.140000105      0.435427278    
  0.142000079      0.437671214    
  0.144000053      0.437671214    
  0.146000028      0.439892441    
  0.148000002      0.439892441    
  0.150000095      0.442089915    
  0.152000070      0.442089915    
  0.154000044      0.444262534    
  0.156000018      0.444262534    
  0.158000112      0.446409136    
  0.160000086      0.446409166    
  0.162000060      0.448528528    
  0.164000034      0.448528588    
  0.166000009      0.450619549    
  0.168000102      0.450619608    
  0.170000076      0.452680916    
  0.172000051      0.452681005    
  0.174000025      0.454711288    
  0.175999999      0.454711407    
  0.178000093      0.456709415    
  0.180000067      0.456709474    
  0.182000041      0.458673865    
  0.184000015      0.458673894    
  0.186000109      0.460603297    
  0.188000083      0.460603327    
  0.190000057      0.462496281    
  0.192000031      0.462496310    
  0.194000006      0.464351416    
  0.196000099      0.464351416    
  0.198000073      0.466167212    
  0.200000048      0.466167212    
  0.202000022      0.467942238    
  0.204000115      0.467942238    
  0.206000090      0.469675094    
  0.208000064      0.469675094    
  0.210000038      0.471364379    
  0.212000012      0.471364319    
  0.214000106      0.473008573    
  0.216000080      0.473008543    
  0.218000054      0.474606395    
  0.220000029      0.474606395    
  0.222000003      0.476156503    
  0.224000096      0.476156503    
  0.226000071      0.477657616    
  0.228000045      0.477657616    
  0.230000019      0.479108512    
  0.232000113      0.479108572    
  0.234000087      0.480508149    
  0.236000061      0.480508178    
  0.238000035      0.481855452    
  0.240000010      0.481855482    
  0.242000103      0.483149558    
  0.244000077      0.483149558    
  0.246000051      0.484389693    
  0.248000026      0.484389693    
  0.250000000      0.485575199    
  0.252000093      0.485575199    
  0.254000068      0.486705631    
  0.256000042      0.486705661    
  0.258000016      0.487780690    
  0.260000110      0.487780690    
  0.262000084      0.488800257    
  0.264000058      0.488800257    
  0.266000032      0.489764363    
  0.268000007      0.489764363    
  0.270000100      0.490673333    
  0.272000074      0.490673304    
  0.274000049      0.491527587    
  0.276000023      0.491527587    
  0.278000116      0.492327869    
  0.280000091      0.492327869    
  0.282000065      0.493075043    
  0.284000039      0.493075013    
  0.286000013      0.493770212    
  0.288000107      0.493770212    
  0.290000081      0.494414687    
  0.292000055      0.494414687    
  0.294000030      0.495009959    
  0.296000004      0.495009899    
  0.298000097      0.495557636    
  0.300000072      0.495557576    
  0.302000046      0.496059597    
  0.304000020      0.496059567    
  0.306000113      0.496517807    
  0.308000088      0.496517777    
  0.310000062      0.496934354    
  0.312000036      0.496934325    
  0.314000010      0.497311473    
  0.316000104      0.497311413    
  0.318000078      0.497651368    
  0.320000052      0.497651339    
  0.322000027      0.497956425    
  0.324000120      0.497956425    
  0.326000094      0.498228967    
  0.328000069      0.498228967    
  0.330000043      0.498471439    
  0.332000017      0.498471409    
  0.334000111      0.498686135    
  0.336000085      0.498686075    
  0.338000059      0.498875320    
  0.340000033      0.498875290    
  0.342000008      0.499041259    
  0.344000101      0.499041259    
  0.346000075      0.499186158    
  0.348000050      0.499186158    
  0.350000024      0.499312043    
  0.352000117      0.499312043    
  0.354000092      0.499420881    
  0.356000066      0.499420911    
  0.358000040      0.499514580    
  0.360000014      0.499514580    
  0.362000108      0.499594748    
  0.364000082      0.499594748    
  0.366000056      0.499663115    
  0.368000031      0.499663115    
  0.370000124      0.499721020    
  0.372000098      0.499721020    
  0.374000072      0.499769866    
  0.376000047      0.499769866    
  0.378000021      0.499810874    
  0.380000114      0.499810874    
  0.382000089      0.499845088    
  0.384000063      0.499845058    
  0.386000037      0.499873489    
  0.388000011      0.499873459    
  0.390000105      0.499897003    
  0.392000079      0.499896973    
  0.394000053      0.499916315    
  0.396000028      0.499916315    
  0.398000121      0.499932110    
  0.400000095      0.499932110    
  0.402000070      0.499944925    
  0.404000044      0.499944925    
  0.406000018      0.499955297    
  0.408000112      0.499955297    
  0.410000086      0.499963641    
  0.412000060      0.499963641    
  0.414000034      0.499970287    
  0.416000009      0.499970287    
  0.418000102      0.499975562    
  0.420000076      0.499975562    
  0.422000051      0.499979705    
  0.424000025      0.499979705    
  0.426000118      0.499982923    
  0.428000093      0.499982923    
  0.430000067      0.499985397    
  0.432000041      0.499985397    
  0.434000015      0.499987304    
  0.436000109      0.499987304    
  0.438000083      0.499988705    
  0.440000057      0.499988705    
  0.442000031      0.499989748    
  0.444000125      0.499989748    
  0.446000099      0.499990523    
  0.448000073      0.499990523    
  0.450000048      0.499991030    
  0.452000022      0.499991030    
  0.454000115      0.499991328    
  0.456000090      0.499991328    
  0.458000064      0.499991477    
  0.460000038      0.499991477    
  0.462000012      0.499991506    
  0.464000106      0.499991506    
  0.466000080      0.499991536    
  0.468000054      0.499991536    
  0.470000029      0.499991566    
  0.472000122      0.499991566    
  0.474000096      0.499991596    
  0.476000071      0.499991596    
  0.478000045      0.499991626    
  0.480000019      0.499991626    
  0.482000113      0.499991655    
  0.484000087      0.499991655    
  0.486000061      0.499991685    
  0.488000035      0.499991685    
  0.490000129      0.499991715    
  0.492000103      0.499991715    
  0.494000077      0.499991745    
  0.496000051      0.499991745    
  0.498000026      0.499991775    
  0.500000119      0.499991775    
  0.502000093      0.499991804    
  0.504000068      0.499991804    
  0.506000042      0.499991834    
  0.508000016      0.499991834    
  0.510000110      0.499991864    
  0.512000084      0.499991864    
  0.514000058      0.499991894    
  0.516000032      0.499991894    
  0.518000126      0.499991924    
  0.520000100      0.499991924    
  0.522000074      0.499991953    
  0.524000049      0.499991953    
  0.526000023      0.499991983    
  0.528000116      0.499991983    
  0.530000091      0.499992013    
  0.532000065      0.499992013    
  0.534000039      0.499992043    
  0.536000013      0.499992043    
  0.538000107      0.499992073    
  0.540000081      0.499992073    
  0.542000055      0.499992102    
  0.544000030      0.499992102    
  0.546000123      0.499992132    
  0.548000097      0.499992132    
  0.550000072      0.499992162    
  0.552000046      0.499992162    
  0.554000020      0.499992192    
  0.556000113      0.499992192    
  0.558000088      0.499992222    
  0.560000062      0.499992222    
  0.562000036      0.499992251    
  0.564000130      0.499992251    
  0.566000104      0.499992281    
  0.568000078      0.499992281    
  0.570000052      0.499992311    
  0.572000027      0.499992311    
  0.574000120      0.499992341    
  0.576000094      0.499992341    
  0.578000069      0.499992371    
  0.580000043      0.499992371    
  0.582000017      0.499992400    
  0.584000111      0.499992400    
  0.586000085      0.499992430    
  0.588000059      0.499992430    
  0.590000033      0.499992460    
  0.592000127      0.499992460    
  0.594000101      0.499992490    
  0.596000075      0.499992490    
  0.598000050      0.499992520    
  0.600000024      0.499992520    
  0.602000117      0.499992549    
  0.604000092      0.499992549    
  0.606000066      0.499992579    
  0.608000040      0.499992579    
  0.610000134      0.499992609    
  0.612000108      0.499992609    
  0.614000082      0.499992639    
  0.616000056      0.499992639    
  0.618000031      0.499992669    
  0.620000124      0.499992669    
  0.622000098      0.499992698    
  0.624000072      0.499992698    
  0.626000047      0.499992728    
  0.628000021      0.499992728    
  0.630000114      0.499992758    
  0.632000089      0.499992758    
  0.634000063      0.499992788    
  0.636000037      0.499992788    
  0.638000131      0.499992818    
  0.640000105      0.499992818    
  0.642000079      0.499992847    
  0.644000053      0.499992847    
  0.646000028      0.499992877    
  0.648000121      0.499992877    
  0.650000095      0.499992907    
  0.652000070      0.499992907    
  0.654000044      0.499992937    
  0.656000137      0.499992937    
  0.658000112      0.499992967    
  0.660000086      0.499992967    
  0.662000060      0.499992996    
  0.664000034      0.499992996    
  0.666000128      0.499993026    
  0.668000102      0.499993026    
  0.670000076      0.499993056    
  0.672000051      0.499993056    
  0.674000025      0.499993086    
  0.676000118      0.499993086    
  0.678000093      0.499993116    
  0.680000067      0.499993116    
  0.682000041      0.499993145    
  0.684000134      0.499993145    
  0.686000109      0.499993175    
  0.688000083      0.499993175    
  0.690000057      0.499993205    
  0.692000031      0.499993205    
  0.694000125      0.499993235    
  0.696000099      0.499993235    
  0.698000073      0.499993265    
  0.700000048      0.499993265    
  0.702000022      0.499993294    
  0.704000115      0.499993294    
  0.706000090      0.499993324    
  0.708000064      0.499993324    
  0.710000038      0.499993354    
  0.712000132      0.499993354    
  0.714000106      0.499993384    
  0.716000080      0.499993384    
  0.718000054      0.499993414    
  0.720000029      0.499993414    
  0.722000122      0.499993443    
  0.724000096      0.499993443    
  0.726000071      0.499993473    
  0.728000045      0.499993473    
  0.730000138      0.499993503    
  0.732000113      0.499993503    
  0.734000087      0.499993533    
  0.736000061      0.499993533    
  0.738000035      0.499993563    
  0.740000129      0.499993563    
  0.742000103      0.499993593    
  0.744000077      0.499993593    
  0.746000051      0.499993622    
  0.748000026      0.499993622    
  0.750000119      0.499993652    
  0.752000093      0.499993652    
  0.754000068      0.499993682    
  0.756000042      0.499993682    
  0.758000135      0.499993712    
  0.760000110      0.499993712    
  0.762000084      0.499993742    
  0.764000058      0.499993742    
  0.766000032      0.499993771    
  0.768000126      0.499993682    
  0.770000100      0.499993712    
  0.772000074      0.499993414    
  0.774000049      0.499993443    
  0.776000142      0.499992728    
  0.778000116      0.499992758    
  0.780000091      0.499991208    
  0.782000065      0.499991238    
  0.784000039      0.499987990    
  0.786000133      0.499988019    
  0.788000107      0.499981344    
  0.790000081      0.499981374    
  0.792000055      0.499967694    
  0.794000030      0.499967724    
  0.796000123      0.499939919    
  0.798000097      0.499939919    
  0.800000072      0.499883413    
  0.802000046      0.499883473    
  0.804000139      0.499768883    
  0.806000113      0.499768913    
  0.808000088      0.499536753    
  0.810000062      0.499536753    
  0.812000036      0.499066889    
  0.814000130      0.499066859    
  0.816000104      0.498117357    
  0.818000078      0.498117357    
  0.820000052      0.496205002    
  0.822000146      0.496205032    
  0.824000120      0.492378265    
  0.826000094      0.492378384    
  0.828000069      0.484818339    
  0.830000043      0.484818578    
  0.832000136      0.470251828    
  0.834000111      0.470252216    
  0.836000085      0.443473876    
  0.838000059      0.443474561    
  0.840000033      0.398174673    
  0.842000127      0.398175836    
  0.844000101      0.331091046    
  0.846000075      0.331092656    
  0.848000050      0.248534903    
  0.850000143      0.248536736    
  0.852000117      0.166765094    
  0.854000092      0.166766778    
  0.856000066      0.101238593    
  0.858000040      0.101239838    
  0.860000134       5.70685454E-02
  0.862000108       5.70693463E-02
  0.864000082       3.06795165E-02
  0.866000056       3.06799784E-02
  0.868000031       1.60460062E-02
  0.870000124       1.60462614E-02
  0.872000098       8.26761127E-03
  0.874000072       8.26774724E-03
  0.876000047       4.22635814E-03
  0.878000140       4.22643032E-03
  0.880000114       2.15169415E-03
  0.882000089       2.15173233E-03
  0.884000063       1.09316909E-03
  0.886000037       1.09318877E-03
  0.888000131       5.54793805E-04
  0.890000105       5.54803992E-04
  0.892000079       2.81410816E-04
  0.894000053       2.81416054E-04
  0.896000147       1.42702163E-04
  0.898000121       1.42704856E-04
  0.900000095       7.23535268E-05
  0.902000070       7.23549165E-05
  0.904000044       3.66824243E-05
  0.906000137       3.66831446E-05
  0.908000112       1.85969056E-05
  0.910000086       1.85972749E-05
  0.912000060       9.42790666E-06
  0.914000034       9.42809584E-06
  0.916000128       4.77953472E-06
  0.918000102       4.77963249E-06
  0.920000076       2.42300143E-06
  0.922000051       2.42305168E-06
  0.924000144       1.22834513E-06
  0.926000118       1.22837082E-06
  0.928000093       6.22710445E-07
  0.930000067       6.22723633E-07
  0.932000041       3.15682939E-07
  0.934000134       3.15689732E-07
  0.936000109       1.60035128E-07
  0.938000083       1.60038581E-07
  0.940000057       8.11294569E-08
  0.942000151       8.11312262E-08
  0.944000125       4.11282954E-08
  0.946000099       4.11291978E-08
  0.948000073       2.08497806E-08
  0.950000048       2.08502406E-08
  0.952000141       1.05696500E-08
  0.954000115       1.05698827E-08
  0.956000090       5.35818323E-09
  0.958000064       5.35830136E-09
  0.960000038       2.71626321E-09
  0.962000132       2.71632272E-09
  0.964000106       1.37696465E-09
  0.966000080       1.37699496E-09
  0.968000054       6.98022862E-10
  0.970000148       6.98038183E-10
  0.972000122       3.53843677E-10
  0.974000096       3.53851476E-10
  0.976000071       1.79368867E-10
  0.978000045       1.79372836E-10
  0.980000138       9.09233105E-11
  0.982000113       9.09253298E-11
  0.984000087       4.60887092E-11
  0.986000061       4.60897744E-11
  0.988000035       2.33616789E-11
  0.990000129       2.33622913E-11
  0.992000103       1.18414462E-11
  0.994000077       1.18418773E-11
  0.996000051       6.00211894E-12
  0.998000145       6.00253397E-12
