  -1.00000000       1.48454005E-08
 -0.998000026       1.48457566E-08
 -0.995999992       7.52592477E-09
 -0.994000018       7.52612372E-09
 -0.991999984       3.81532494E-09
 -0.990000010       3.81545329E-09
 -0.987999976       1.93425942E-09
 -0.986000001       1.93436600E-09
 -0.984000027       9.80693304E-10
 -0.981999993       9.80809323E-10
 -0.980000019       4.97344721E-10
 -0.977999985       4.97495822E-10
 -0.976000011       2.52403654E-10
 -0.973999977       2.52617399E-10
 -0.972000003       1.28368233E-10
 -0.970000029       1.28679789E-10
 -0.967999995       6.56919241E-11
 -0.966000021       6.61498079E-11
 -0.963999987       3.42183087E-11
 -0.962000012       3.48916104E-11
 -0.959999979       1.87040713E-11
 -0.958000004       1.96920293E-11
 -0.955999970       1.14858427E-11
 -0.953999996       1.29311241E-11
 -0.952000022       8.77103945E-12
 -0.949999988       1.08782601E-11
 -0.948000014       8.76931253E-12
 -0.945999980       1.18310327E-11
 -0.944000006       1.07618740E-11
 -0.941999972       1.51949252E-11
 -0.939999998       1.46528501E-11
 -0.938000023       2.10489577E-11
 -0.935999990       2.07740457E-11
 -0.934000015       2.99701305E-11
 -0.931999981       2.98306033E-11
 -0.930000007       4.30060154E-11
 -0.927999973       4.29350409E-11
 -0.925999999       6.17454907E-11
 -0.924000025       6.17091725E-11
 -0.921999991       8.84705295E-11
 -0.920000017       8.84516418E-11
 -0.917999983       1.26391120E-10
 -0.916000009       1.26380878E-10
 -0.913999975       1.79978962E-10
 -0.912000000       1.79972842E-10
 -0.909999967       2.55426763E-10
 -0.907999992       2.55422350E-10
 -0.906000018       3.61271985E-10
 -0.903999984       3.61267932E-10
 -0.902000010       5.09237263E-10
 -0.899999976       5.09232656E-10
 -0.898000002       7.15357051E-10
 -0.896000028       7.15351167E-10
 -0.893999994       1.00148034E-09
 -0.892000020       1.00147257E-09
 -0.889999986       1.39726730E-09
 -0.888000011       1.39725675E-09
 -0.885999978       1.94283012E-09
 -0.884000003       1.94281569E-09
 -0.881999969       2.69221201E-09
 -0.879999995       2.69219247E-09
 -0.878000021       3.71795039E-09
 -0.875999987       3.71792375E-09
 -0.874000013       5.11703835E-09
 -0.871999979       5.11700193E-09
 -0.870000005       7.01867853E-09
 -0.868000031       7.01862923E-09
 -0.865999997       9.59432445E-09
 -0.863999963       9.59425783E-09
 -0.861999989       1.30706344E-08
 -0.860000014       1.30705455E-08
 -0.857999980       1.77461033E-08
 -0.856000006       1.77459825E-08
 -0.853999972       2.40123210E-08
 -0.851999998       2.40121629E-08
 -0.850000024       3.23810525E-08
 -0.847999990       3.23808358E-08
 -0.845999956       4.35185257E-08
 -0.843999982       4.35182343E-08
 -0.842000008       5.82887196E-08
 -0.839999974       5.82883324E-08
 -0.838000000       7.78077336E-08
 -0.835999966       7.78072220E-08
 -0.833999991       1.03511759E-07
 -0.832000017       1.03511091E-07
 -0.829999983       1.37241699E-07
 -0.828000009       1.37240832E-07
 -0.825999975       1.81347943E-07
 -0.824000001       1.81346820E-07
 -0.822000027       2.38819695E-07
 -0.819999993       2.38818217E-07
 -0.817999959       3.13443479E-07
 -0.815999985       3.13441575E-07
 -0.814000010       4.09997028E-07
 -0.811999977       4.09994527E-07
 -0.810000002       5.34484627E-07
 -0.807999969       5.34481444E-07
 -0.805999994       6.94422056E-07
 -0.804000020       6.94418020E-07
 -0.801999986       8.99179327E-07
 -0.800000012       8.99174211E-07
 -0.797999978       1.16039087E-06
 -0.796000004       1.16038439E-06
 -0.793999970       1.49244465E-06
 -0.791999996       1.49243624E-06
 -0.789999962       1.91306071E-06
 -0.787999988       1.91305026E-06
 -0.786000013       2.44397415E-06
 -0.783999979       2.44396097E-06
 -0.782000005       3.11173403E-06
 -0.779999971       3.11171743E-06
 -0.777999997       3.94863628E-06
 -0.776000023       3.94861536E-06
 -0.773999989       4.99380121E-06
 -0.771999955       4.99377529E-06
 -0.769999981       6.29441865E-06
 -0.768000007       6.29438637E-06
 -0.765999973       7.90716967E-06
 -0.763999999       7.90712875E-06
 -0.761999965       9.89984346E-06
 -0.759999990       9.89979344E-06
 -0.758000016       1.23531645E-05
 -0.755999982       1.23531026E-05
 -0.754000008       1.53628462E-05
 -0.751999974       1.53627716E-05
 -0.750000000       1.90418723E-05
 -0.748000026       1.90417795E-05
 -0.745999992       2.35230182E-05
 -0.743999958       2.35229072E-05
 -0.741999984       2.89616310E-05
 -0.740000010       2.89614982E-05
 -0.737999976       3.55386292E-05
 -0.736000001       3.55384727E-05
 -0.733999968       4.34637623E-05
 -0.731999993       4.34635767E-05
 -0.730000019       5.29790777E-05
 -0.727999985       5.29788522E-05
 -0.725999951       6.43625608E-05
 -0.723999977       6.43622916E-05
 -0.722000003       7.79320108E-05
 -0.720000029       7.79316906E-05
 -0.717999995       9.40489408E-05
 -0.715999961       9.40485697E-05
 -0.713999987       1.13122645E-04
 -0.712000012       1.13122194E-04
 -0.709999979       1.35614187E-04
 -0.707999945       1.35613664E-04
 -0.705999970       1.62040393E-04
 -0.703999996       1.62039782E-04
 -0.702000022       1.92977619E-04
 -0.699999988       1.92976906E-04
 -0.697999954       2.29065321E-04
 -0.695999980       2.29064506E-04
 -0.694000006       2.71009310E-04
 -0.691999972       2.71008379E-04
 -0.689999998       3.19584418E-04
 -0.687999964       3.19583312E-04
 -0.685999990       3.75636679E-04
 -0.684000015       3.75635427E-04
 -0.681999981       4.40084899E-04
 -0.679999948       4.40083502E-04
 -0.677999973       5.13921317E-04
 -0.675999999       5.13919746E-04
 -0.674000025       5.98211307E-04
 -0.671999991       5.98209619E-04
 -0.669999957       6.94092480E-04
 -0.667999983       6.94090559E-04
 -0.666000009       8.02772003E-04
 -0.663999975       8.02769791E-04
 -0.661999941       9.25523404E-04
 -0.659999967       9.25521017E-04
 -0.657999992       1.06368226E-03
 -0.656000018       1.06367958E-03
 -0.653999984       1.21864001E-03
 -0.651999950       1.21863710E-03
 -0.649999976       1.39183737E-03
 -0.648000002       1.39183400E-03
 -0.646000028       1.58475607E-03
 -0.643999994       1.58475246E-03
 -0.641999960       1.79891032E-03
 -0.639999986       1.79890636E-03
 -0.638000011       2.03583646E-03
 -0.635999978       2.03583227E-03
 -0.633999944       2.29708198E-03
 -0.631999969       2.29707733E-03
 -0.629999995       2.58419500E-03
 -0.628000021       2.58418988E-03
 -0.625999987       2.89871125E-03
 -0.623999953       2.89870566E-03
 -0.621999979       3.24214320E-03
 -0.620000005       3.24213714E-03
 -0.617999971       3.61596677E-03
 -0.615999997       3.61596048E-03
 -0.613999963       4.02161106E-03
 -0.611999989       4.02160455E-03
 -0.610000014       4.46044607E-03
 -0.607999980       4.46043862E-03
 -0.605999947       4.93377121E-03
 -0.603999972       4.93376283E-03
 -0.601999998       5.44280466E-03
 -0.600000024       5.44279534E-03
 -0.597999990       5.98867610E-03
 -0.595999956       5.98866679E-03
 -0.593999982       6.57241885E-03
 -0.592000008       6.57240860E-03
 -0.589999974       7.19496049E-03
 -0.587999940       7.19495071E-03
 -0.585999966       7.85711966E-03
 -0.583999991       7.85711035E-03
 -0.582000017       8.55960045E-03
 -0.579999983       8.55959114E-03
 -0.577999949       9.30299051E-03
 -0.575999975       9.30298120E-03
 -0.574000001       1.00877602E-02
 -0.571999967       1.00877499E-02
 -0.569999993       1.09142596E-02
 -0.567999959       1.09142484E-02
 -0.565999985       1.17827216E-02
 -0.564000010       1.17827095E-02
 -0.561999977       1.26932664E-02
 -0.559999943       1.26932543E-02
 -0.557999969       1.36459004E-02
 -0.555999994       1.36458874E-02
 -0.554000020       1.46405231E-02
 -0.551999986       1.46405101E-02
 -0.549999952       1.56769305E-02
 -0.547999978       1.56769175E-02
 -0.546000004       1.67548247E-02
 -0.543999970       1.67548116E-02
 -0.541999936       1.78738181E-02
 -0.539999962       1.78738032E-02
 -0.537999988       1.90334339E-02
 -0.536000013       1.90334190E-02
 -0.533999979       2.02331245E-02
 -0.531999946       2.02331096E-02
 -0.529999971       2.14722715E-02
 -0.527999997       2.14722548E-02
 -0.525999963       2.27501877E-02
 -0.523999989       2.27501709E-02
 -0.521999955       2.40661390E-02
 -0.519999981       2.40661222E-02
 -0.518000007       2.54193451E-02
 -0.515999973       2.54193284E-02
 -0.513999939       2.68089809E-02
 -0.511999965       2.68089622E-02
 -0.509999990       2.82341819E-02
 -0.508000016       2.82341652E-02
 -0.505999982       2.96940655E-02
 -0.503999949       2.96940487E-02
 -0.501999974       3.11877187E-02
 -0.500000000       3.11877038E-02
 -0.497999966       3.27142216E-02
 -0.495999992       3.27142030E-02
 -0.493999958       3.42726260E-02
 -0.491999984       3.42726074E-02
 -0.489999950       3.58619951E-02
 -0.487999976       3.58619764E-02
 -0.486000001       3.74813825E-02
 -0.483999968       3.74813639E-02
 -0.481999993       3.91298421E-02
 -0.479999959       3.91298197E-02
 -0.477999985       4.08064350E-02
 -0.475999951       4.08064127E-02
 -0.473999977       4.25102338E-02
 -0.472000003       4.25102077E-02
 -0.469999969       4.42403220E-02
 -0.467999995       4.42402959E-02
 -0.465999961       4.59957868E-02
 -0.463999987       4.59957607E-02
 -0.461999953       4.77757417E-02
 -0.459999979       4.77757193E-02
 -0.457999945       4.95793149E-02
 -0.455999970       4.95792925E-02
 -0.453999996       5.14056534E-02
 -0.451999962       5.14056273E-02
 -0.449999988       5.32539226E-02
 -0.447999954       5.32538965E-02
 -0.445999980       5.51233105E-02
 -0.443999946       5.51232845E-02
 -0.441999972       5.70130311E-02
 -0.439999998       5.70130087E-02
 -0.437999964       5.89223169E-02
 -0.435999990       5.89222945E-02
 -0.433999956       6.08504266E-02
 -0.431999981       6.08504005E-02
 -0.429999948       6.27966374E-02
 -0.427999973       6.27966151E-02
 -0.425999999       6.47602528E-02
 -0.423999965       6.47602379E-02
 -0.421999991       6.67406023E-02
 -0.419999957       6.67405799E-02
 -0.417999983       6.87370226E-02
 -0.415999949       6.87370002E-02
 -0.413999975       7.07489029E-02
 -0.412000000       7.07488805E-02
 -0.409999967       7.27756247E-02
 -0.407999992       7.27756023E-02
 -0.405999959       7.48166069E-02
 -0.403999984       7.48165846E-02
 -0.401999950       7.68712983E-02
 -0.399999976       7.68712759E-02
 -0.397999942       7.89391398E-02
 -0.395999968       7.89391175E-02
 -0.393999994       8.10196251E-02
 -0.391999960       8.10196027E-02
 -0.389999986       8.31122473E-02
 -0.387999952       8.31122324E-02
 -0.385999978       8.52165371E-02
 -0.383999944       8.52165148E-02
 -0.381999969       8.73320252E-02
 -0.379999995       8.73320028E-02
 -0.377999961       8.94582719E-02
 -0.375999987       8.94582495E-02
 -0.373999953       9.15948451E-02
 -0.371999979       9.15948227E-02
 -0.369999945       9.37413499E-02
 -0.367999971       9.37413350E-02
 -0.365999997       9.58973840E-02
 -0.363999963       9.58973691E-02
 -0.361999989       9.80625749E-02
 -0.359999955       9.80625600E-02
 -0.357999980      0.100236557    
 -0.355999947      0.100236550    
 -0.353999972      0.102418989    
 -0.351999998      0.102418981    
 -0.349999964      0.104609549    
 -0.347999990      0.104609542    
 -0.345999956      0.106807910    
 -0.343999982      0.106807902    
 -0.341999948      0.109013766    
 -0.339999974      0.109013751    
 -0.337999940      0.111226827    
 -0.335999966      0.111226819    
 -0.333999991      0.113446809    
 -0.331999958      0.113446802    
 -0.329999983      0.115673438    
 -0.327999949      0.115673430    
 -0.325999975      0.117906466    
 -0.323999941      0.117906459    
 -0.321999967      0.120145641    
 -0.319999993      0.120145634    
 -0.317999959      0.122390725    
 -0.315999985      0.122390717    
 -0.313999951      0.124641486    
 -0.311999977      0.124641486    
 -0.309999943      0.126897708    
 -0.307999969      0.126897708    
 -0.305999994      0.129159197    
 -0.303999960      0.129159182    
 -0.301999986      0.131425709    
 -0.299999952      0.131425694    
 -0.297999978      0.133697078    
 -0.295999944      0.133697063    
 -0.293999970      0.135973126    
 -0.291999996      0.135973096    
 -0.289999962      0.138253674    
 -0.287999988      0.138253629    
 -0.285999954      0.140538529    
 -0.283999979      0.140538499    
 -0.281999946      0.142827526    
 -0.279999971      0.142827496    
 -0.277999938      0.145120502    
 -0.275999963      0.145120472    
 -0.273999989      0.147417322    
 -0.271999955      0.147417292    
 -0.269999981      0.149717823    
 -0.267999947      0.149717793    
 -0.265999973      0.152021870    
 -0.263999939      0.152021840    
 -0.261999965      0.154329315    
 -0.259999990      0.154329285    
 -0.257999957      0.156640038    
 -0.255999982      0.156640008    
 -0.253999949      0.158953920    
 -0.251999974      0.158953890    
 -0.249999940      0.161270827    
 -0.247999966      0.161270797    
 -0.245999992      0.163590640    
 -0.243999958      0.163590610    
 -0.241999984      0.165913224    
 -0.239999950      0.165913194    
 -0.237999976      0.168238506    
 -0.235999942      0.168238476    
 -0.233999968      0.170566350    
 -0.231999993      0.170566335    
 -0.229999959      0.172896668    
 -0.227999985      0.172896668    
 -0.225999951      0.175229356    
 -0.223999977      0.175229356    
 -0.221999943      0.177564323    
 -0.219999969      0.177564323    
 -0.217999935      0.179901451    
 -0.215999961      0.179901451    
 -0.213999987      0.182240665    
 -0.211999953      0.182240665    
 -0.209999979      0.184581891    
 -0.207999945      0.184581891    
 -0.205999970      0.186925024    
 -0.203999937      0.186925024    
 -0.201999962      0.189269990    
 -0.199999988      0.189269990    
 -0.197999954      0.191616714    
 -0.195999980      0.191616714    
 -0.193999946      0.193965107    
 -0.191999972      0.193965077    
 -0.189999938      0.196315080    
 -0.187999964      0.196315065    
 -0.185999990      0.198666573    
 -0.183999956      0.198666543    
 -0.181999981      0.201019511    
 -0.179999948      0.201019481    
 -0.177999973      0.203373820    
 -0.175999939      0.203373790    
 -0.173999965      0.205729455    
 -0.171999931      0.205729425    
 -0.169999957      0.208086312    
 -0.167999983      0.208086282    
 -0.165999949      0.210444331    
 -0.163999975      0.210444316    
 -0.161999941      0.212803468    
 -0.159999967      0.212803453    
 -0.157999933      0.215163648    
 -0.155999959      0.215163633    
 -0.153999984      0.217524812    
 -0.151999950      0.217524797    
 -0.149999976      0.219886884    
 -0.147999942      0.219886869    
 -0.145999968      0.222249806    
 -0.143999934      0.222249806    
 -0.141999960      0.224613532    
 -0.139999986      0.224613532    
 -0.137999952      0.226977989    
 -0.135999978      0.226977989    
 -0.133999944      0.229343146    
 -0.131999969      0.229343146    
 -0.129999936      0.231708929    
 -0.127999961      0.231708929    
 -0.125999987      0.234075278    
 -0.123999953      0.234075278    
 -0.121999979      0.236442134    
 -0.119999945      0.236442149    
 -0.117999971      0.238809451    
 -0.115999937      0.238809466    
 -0.113999963      0.241177186    
 -0.111999929      0.241177186    
 -0.109999955      0.243545249    
 -0.107999980      0.243545264    
 -0.105999947      0.245913625    
 -0.103999972      0.245913640    
 -0.101999938      0.248282239    
  -9.99999642E-02  0.248282254    
  -9.79999304E-02  0.250651062    
  -9.59999561E-02  0.250651062    
  -9.39999819E-02  0.253020018    
  -9.19999480E-02  0.253020018    
  -8.99999738E-02  0.255389035    
  -8.79999399E-02  0.255389005    
  -8.59999657E-02  0.257758081    
  -8.39999318E-02  0.257758051    
  -8.19999576E-02  0.260127097    
  -7.99999833E-02  0.260127068    
  -7.79999495E-02  0.262496054    
  -7.59999752E-02  0.262496054    
  -7.39999413E-02  0.264864892    
  -7.19999671E-02  0.264864892    
  -6.99999332E-02  0.267233521    
  -6.79999590E-02  0.267233521    
  -6.59999847E-02  0.269601911    
  -6.39999509E-02  0.269601941    
  -6.19999766E-02  0.271970034    
  -5.99999428E-02  0.271970063    
  -5.79999685E-02  0.274337769    
  -5.59999347E-02  0.274337798    
  -5.39999604E-02  0.276705116    
  -5.19999266E-02  0.276705146    
  -4.99999523E-02  0.279071987    
  -4.79999781E-02  0.279072016    
  -4.59999442E-02  0.281438351    
  -4.39999700E-02  0.281438380    
  -4.19999361E-02  0.283804148    
  -3.99999619E-02  0.283804148    
  -3.79999280E-02  0.286169291    
  -3.59999537E-02  0.286169291    
  -3.39999795E-02  0.288533688    
  -3.19999456E-02  0.288533688    
  -2.99999714E-02  0.290897369    
  -2.79999375E-02  0.290897369    
  -2.59999633E-02  0.293260247    
  -2.39999294E-02  0.293260247    
  -2.19999552E-02  0.295622230    
  -1.99999809E-02  0.295622230    
  -1.79999471E-02  0.297983289    
  -1.59999728E-02  0.297983289    
  -1.39999390E-02  0.300343335    
  -1.19999647E-02  0.300343335    
  -9.99993086E-03  0.302702308    
  -7.99995661E-03  0.302702308    
  -5.99998236E-03  0.305060118    
  -3.99994850E-03  0.305060118    
  -1.99997425E-03  0.307416707    
   0.00000000      0.307416707    
   2.00009346E-03  0.309772015    
   4.00006771E-03  0.309772015    
   6.00004196E-03  0.312125921    
   8.00001621E-03  0.312125921    
   9.99999046E-03  0.314478427    
   1.20000839E-02  0.314478427    
   1.40000582E-02  0.316829383    
   1.60000324E-02  0.316829383    
   1.80000067E-02  0.319178760    
   2.00001001E-02  0.319178760    
   2.20000744E-02  0.321526438    
   2.40000486E-02  0.321526408    
   2.60000229E-02  0.323872358    
   2.79999971E-02  0.323872298    
   3.00000906E-02  0.326216400    
   3.20000648E-02  0.326216340    
   3.40000391E-02  0.328558505    
   3.60000134E-02  0.328558445    
   3.80001068E-02  0.330898553    
   4.00000811E-02  0.330898523    
   4.20000553E-02  0.333236456    
   4.40000296E-02  0.333236456    
   4.60000038E-02  0.335572124    
   4.80000973E-02  0.335572124    
   5.00000715E-02  0.337905407    
   5.20000458E-02  0.337905437    
   5.40000200E-02  0.340236276    
   5.59999943E-02  0.340236306    
   5.80000877E-02  0.342564642    
   6.00000620E-02  0.342564583    
   6.20000362E-02  0.344890296    
   6.40000105E-02  0.344890237    
   6.60001040E-02  0.347213119    
   6.80000782E-02  0.347213030    
   7.00000525E-02  0.349533021    
   7.20000267E-02  0.349532932    
   7.40000010E-02  0.351849824    
   7.60000944E-02  0.351849794    
   7.80000687E-02  0.354163468    
   8.00000429E-02  0.354163408    
   8.20000172E-02  0.356473804    
   8.40001106E-02  0.356473744    
   8.60000849E-02  0.358780593    
   8.80000591E-02  0.358780563    
   9.00000334E-02  0.361083776    
   9.20000076E-02  0.361083746    
   9.40001011E-02  0.363383204    
   9.60000753E-02  0.363383174    
   9.80000496E-02  0.365678668    
  0.100000024      0.365678608    
  0.101999998      0.367969960    
  0.104000092      0.367969930    
  0.106000066      0.370256990    
  0.108000040      0.370256960    
  0.110000014      0.372539520    
  0.112000108      0.372539461    
  0.114000082      0.374817371    
  0.116000056      0.374817312    
  0.118000031      0.377090335    
  0.120000005      0.377090275    
  0.122000098      0.379358202    
  0.124000072      0.379358143    
  0.126000047      0.381620765    
  0.128000021      0.381620705    
  0.129999995      0.383877754    
  0.132000089      0.383877695    
  0.134000063      0.386128962    
  0.136000037      0.386128902    
  0.138000011      0.388374150    
  0.140000105      0.388374060    
  0.142000079      0.390612990    
  0.144000053      0.390612900    
  0.146000028      0.392845273    
  0.148000002      0.392845154    
  0.150000095      0.395070672    
  0.152000070      0.395070553    
  0.154000044      0.397288889    
  0.156000018      0.397288799    
  0.158000112      0.399499595    
  0.160000086      0.399499536    
  0.162000060      0.401702493    
  0.164000034      0.401702464    
  0.166000009      0.403897256    
  0.168000102      0.403897226    
  0.170000076      0.406083494    
  0.172000051      0.406083494    
  0.174000025      0.408260852    
  0.175999999      0.408260852    
  0.178000093      0.410428911    
  0.180000067      0.410428882    
  0.182000041      0.412587225    
  0.184000015      0.412587196    
  0.186000109      0.414735377    
  0.188000083      0.414735407    
  0.190000057      0.416872978    
  0.192000031      0.416873008    
  0.194000006      0.418999523    
  0.196000099      0.418999583    
  0.198000073      0.421114504    
  0.200000048      0.421114564    
  0.202000022      0.423217416    
  0.204000115      0.423217475    
  0.206000090      0.425307751    
  0.208000064      0.425307781    
  0.210000038      0.427384883    
  0.212000012      0.427384883    
  0.214000106      0.429448277    
  0.216000080      0.429448277    
  0.218000054      0.431497306    
  0.220000029      0.431497306    
  0.222000003      0.433531314    
  0.224000096      0.433531314    
  0.226000071      0.435549647    
  0.228000045      0.435549647    
  0.230000019      0.437551618    
  0.232000113      0.437551618    
  0.234000087      0.439536482    
  0.236000061      0.439536422    
  0.238000035      0.441503495    
  0.240000010      0.441503435    
  0.242000103      0.443451881    
  0.244000077      0.443451852    
  0.246000051      0.445380867    
  0.248000026      0.445380837    
  0.250000000      0.447289586    
  0.252000093      0.447289556    
  0.254000068      0.449177146    
  0.256000042      0.449177116    
  0.258000016      0.451042742    
  0.260000110      0.451042682    
  0.262000084      0.452885330    
  0.264000058      0.452885300    
  0.266000032      0.454704016    
  0.268000007      0.454704016    
  0.270000100      0.456497848    
  0.272000074      0.456497848    
  0.274000049      0.458265781    
  0.276000023      0.458265781    
  0.278000116      0.460006803    
  0.280000091      0.460006773    
  0.282000065      0.461719900    
  0.284000039      0.461719841    
  0.286000013      0.463403940    
  0.288000107      0.463403851    
  0.290000081      0.465057850    
  0.292000055      0.465057790    
  0.294000030      0.466680557    
  0.296000004      0.466680527    
  0.298000097      0.468270987    
  0.300000072      0.468270928    
  0.302000046      0.469828010    
  0.304000020      0.469827950    
  0.306000113      0.471350521    
  0.308000088      0.471350461    
  0.310000062      0.472837448    
  0.312000036      0.472837389    
  0.314000010      0.474287689    
  0.316000104      0.474287659    
  0.318000078      0.475700229    
  0.320000052      0.475700200    
  0.322000027      0.477074027    
  0.324000120      0.477073997    
  0.326000094      0.478408098    
  0.328000069      0.478408039    
  0.330000043      0.479701489    
  0.332000017      0.479701400    
  0.334000111      0.480953276    
  0.336000085      0.480953187    
  0.338000059      0.482162654    
  0.340000033      0.482162625    
  0.342000008      0.483328909    
  0.344000101      0.483328909    
  0.346000075      0.484451443    
  0.348000050      0.484451443    
  0.350000024      0.485529602    
  0.352000117      0.485529602    
  0.354000092      0.486562997    
  0.356000066      0.486562997    
  0.358000040      0.487551183    
  0.360000014      0.487551183    
  0.362000108      0.488493979    
  0.364000082      0.488494039    
  0.366000056      0.489391327    
  0.368000031      0.489391416    
  0.370000124      0.490243256    
  0.372000098      0.490243375    
  0.374000072      0.491050005    
  0.376000047      0.491050094    
  0.378000021      0.491811842    
  0.380000114      0.491811931    
  0.382000089      0.492529243    
  0.384000063      0.492529303    
  0.386000037      0.493202835    
  0.388000011      0.493202895    
  0.390000105      0.493833452    
  0.392000079      0.493833512    
  0.394000053      0.494421959    
  0.396000028      0.494422019    
  0.398000121      0.494969428    
  0.400000095      0.494969517    
  0.402000070      0.495477080    
  0.404000044      0.495477140    
  0.406000018      0.495946199    
  0.408000112      0.495946258    
  0.410000086      0.496378243    
  0.412000060      0.496378332    
  0.414000034      0.496774733    
  0.416000009      0.496774793    
  0.418000102      0.497137308    
  0.420000076      0.497137368    
  0.422000051      0.497467637    
  0.424000025      0.497467697    
  0.426000118      0.497767508    
  0.428000093      0.497767508    
  0.430000067      0.498038620    
  0.432000041      0.498038620    
  0.434000015      0.498282790    
  0.436000109      0.498282790    
  0.438000083      0.498501897    
  0.440000057      0.498501897    
  0.442000031      0.498697698    
  0.444000125      0.498697698    
  0.446000099      0.498871952    
  0.448000073      0.498871952    
  0.450000048      0.499026418    
  0.452000022      0.499026418    
  0.454000115      0.499162763    
  0.456000090      0.499162763    
  0.458000064      0.499282628    
  0.460000038      0.499282598    
  0.462000012      0.499387592    
  0.464000106      0.499387532    
  0.466000080      0.499479055    
  0.468000054      0.499478996    
  0.470000029      0.499558449    
  0.472000122      0.499558389    
  0.474000096      0.499627084    
  0.476000071      0.499626994    
  0.478000045      0.499686122    
  0.480000019      0.499686062    
  0.482000113      0.499736696    
  0.484000087      0.499736637    
  0.486000061      0.499779850    
  0.488000035      0.499779791    
  0.490000129      0.499816477    
  0.492000103      0.499816388    
  0.494000077      0.499847412    
  0.496000051      0.499847353    
  0.498000026      0.499873459    
  0.500000119      0.499873430    
  0.502000093      0.499895304    
  0.504000068      0.499895275    
  0.506000042      0.499913514    
  0.508000016      0.499913484    
  0.510000110      0.499928623    
  0.512000084      0.499928594    
  0.514000058      0.499941111    
  0.516000032      0.499941081    
  0.518000126      0.499951333    
  0.520000100      0.499951333    
  0.522000074      0.499959707    
  0.524000049      0.499959707    
  0.526000023      0.499966532    
  0.528000116      0.499966532    
  0.530000091      0.499972016    
  0.532000065      0.499972016    
  0.534000039      0.499976397    
  0.536000013      0.499976397    
  0.538000107      0.499979883    
  0.540000081      0.499979883    
  0.542000055      0.499982625    
  0.544000030      0.499982625    
  0.546000123      0.499984801    
  0.548000097      0.499984801    
  0.550000072      0.499986410    
  0.552000046      0.499986410    
  0.554000020      0.499987632    
  0.556000113      0.499987632    
  0.558000088      0.499988586    
  0.560000062      0.499988586    
  0.562000036      0.499989271    
  0.564000130      0.499989271    
  0.566000104      0.499989688    
  0.568000078      0.499989688    
  0.570000052      0.499989957    
  0.572000027      0.499989957    
  0.574000120      0.499990106    
  0.576000094      0.499990106    
  0.578000069      0.499990135    
  0.580000043      0.499990135    
  0.582000017      0.499990165    
  0.584000111      0.499990165    
  0.586000085      0.499990195    
  0.588000059      0.499990195    
  0.590000033      0.499990225    
  0.592000127      0.499990225    
  0.594000101      0.499990255    
  0.596000075      0.499990255    
  0.598000050      0.499990284    
  0.600000024      0.499990284    
  0.602000117      0.499990314    
  0.604000092      0.499990314    
  0.606000066      0.499990344    
  0.608000040      0.499990344    
  0.610000134      0.499990374    
  0.612000108      0.499990374    
  0.614000082      0.499990404    
  0.616000056      0.499990404    
  0.618000031      0.499990433    
  0.620000124      0.499990433    
  0.622000098      0.499990463    
  0.624000072      0.499990463    
  0.626000047      0.499990493    
  0.628000021      0.499990493    
  0.630000114      0.499990523    
  0.632000089      0.499990523    
  0.634000063      0.499990553    
  0.636000037      0.499990553    
  0.638000131      0.499990582    
  0.640000105      0.499990582    
  0.642000079      0.499990612    
  0.644000053      0.499990612    
  0.646000028      0.499990642    
  0.648000121      0.499990642    
  0.650000095      0.499990672    
  0.652000070      0.499990672    
  0.654000044      0.499990702    
  0.656000137      0.499990702    
  0.658000112      0.499990731    
  0.660000086      0.499990731    
  0.662000060      0.499990761    
  0.664000034      0.499990761    
  0.666000128      0.499990791    
  0.668000102      0.499990791    
  0.670000076      0.499990821    
  0.672000051      0.499990821    
  0.674000025      0.499990851    
  0.676000118      0.499990851    
  0.678000093      0.499990880    
  0.680000067      0.499990880    
  0.682000041      0.499990910    
  0.684000134      0.499990910    
  0.686000109      0.499990940    
  0.688000083      0.499990940    
  0.690000057      0.499990970    
  0.692000031      0.499990970    
  0.694000125      0.499991000    
  0.696000099      0.499991000    
  0.698000073      0.499991030    
  0.700000048      0.499991030    
  0.702000022      0.499991059    
  0.704000115      0.499991059    
  0.706000090      0.499991089    
  0.708000064      0.499991089    
  0.710000038      0.499991119    
  0.712000132      0.499991119    
  0.714000106      0.499991149    
  0.716000080      0.499991149    
  0.718000054      0.499991179    
  0.720000029      0.499991179    
  0.722000122      0.499991208    
  0.724000096      0.499991208    
  0.726000071      0.499991238    
  0.728000045      0.499991238    
  0.730000138      0.499991268    
  0.732000113      0.499991268    
  0.734000087      0.499991298    
  0.736000061      0.499991298    
  0.738000035      0.499991328    
  0.740000129      0.499991328    
  0.742000103      0.499991357    
  0.744000077      0.499991357    
  0.746000051      0.499991387    
  0.748000026      0.499991387    
  0.750000119      0.499991417    
  0.752000093      0.499991417    
  0.754000068      0.499991447    
  0.756000042      0.499991447    
  0.758000135      0.499991477    
  0.760000110      0.499991477    
  0.762000084      0.499991506    
  0.764000058      0.499991506    
  0.766000032      0.499991536    
  0.768000126      0.499991536    
  0.770000100      0.499991566    
  0.772000074      0.499991566    
  0.774000049      0.499991596    
  0.776000142      0.499991596    
  0.778000116      0.499991626    
  0.780000091      0.499991626    
  0.782000065      0.499991655    
  0.784000039      0.499991655    
  0.786000133      0.499991685    
  0.788000107      0.499991685    
  0.790000081      0.499991715    
  0.792000055      0.499991715    
  0.794000030      0.499991745    
  0.796000123      0.499991745    
  0.798000097      0.499991775    
  0.800000072      0.499991775    
  0.802000046      0.499991804    
  0.804000139      0.499991804    
  0.806000113      0.499991834    
  0.808000088      0.499991834    
  0.810000062      0.499991864    
  0.812000036      0.499991864    
  0.814000130      0.499991894    
  0.816000104      0.499991864    
  0.818000078      0.499991894    
  0.820000052      0.499991715    
  0.822000146      0.499991745    
  0.824000120      0.499991268    
  0.826000094      0.499991298    
  0.828000069      0.499990255    
  0.830000043      0.499990284    
  0.832000136      0.499988049    
  0.834000111      0.499988079    
  0.836000085      0.499983400    
  0.838000059      0.499983430    
  0.840000033      0.499973863    
  0.842000127      0.499973893    
  0.844000101      0.499954402    
  0.846000075      0.499954432    
  0.848000050      0.499914765    
  0.850000143      0.499914795    
  0.852000117      0.499834299    
  0.854000092      0.499834359    
  0.856000066      0.499671191    
  0.858000040      0.499671251    
  0.860000134      0.499340862    
  0.862000108      0.499340892    
  0.864000082      0.498672664    
  0.866000056      0.498672724    
  0.868000031      0.497324258    
  0.870000124      0.497324347    
  0.872000098      0.494615883    
  0.874000072      0.494615942    
  0.876000047      0.489225090    
  0.878000140      0.489225209    
  0.880000114      0.478686124    
  0.882000089      0.478686422    
  0.884000063      0.458780825    
  0.886000037      0.458781421    
  0.888000131      0.423485726    
  0.890000105      0.423486739    
  0.892000079      0.367240518    
  0.894000053      0.367242098    
  0.896000147      0.290868789    
  0.898000121      0.290870816    
  0.900000095      0.206394643    
  0.902000070      0.206396684    
  0.904000044      0.131371439    
  0.906000137      0.131373093    
  0.908000112       7.65766650E-02
  0.910000086       7.65777901E-02
  0.912000060       4.20287512E-02
  0.914000034       4.20294255E-02
  0.916000128       2.22415738E-02
  0.918000102       2.22419538E-02
  0.920000076       1.15325209E-02
  0.922000051       1.15327258E-02
  0.924000144       5.91489673E-03
  0.926000118       5.91500429E-03
  0.928000093       3.01649142E-03
  0.930000067       3.01654683E-03
  0.932000041       1.53386744E-03
  0.934000134       1.53389585E-03
  0.936000109       7.78799178E-04
  0.938000083       7.78813614E-04
  0.940000057       3.95123934E-04
  0.942000151       3.95131297E-04
  0.944000125       2.00388880E-04
  0.946000099       2.00392649E-04
  0.948000073       1.01608202E-04
  0.950000048       1.01610160E-04
  0.952000141       5.15158390E-05
  0.954000115       5.15168431E-05
  0.956000090       2.61174555E-05
  0.958000064       2.61179703E-05
  0.960000038       1.32406649E-05
  0.962000132       1.32409277E-05
  0.964000106       6.71248017E-06
  0.966000080       6.71261569E-06
  0.968000054       3.40293218E-06
  0.970000148       3.40300221E-06
  0.972000122       1.72513080E-06
  0.974000096       1.72516707E-06
  0.976000071       8.74560783E-07
  0.978000045       8.74579314E-07
  0.980000138       4.43360960E-07
  0.982000113       4.43370482E-07
  0.984000087       2.24762914E-07
  0.986000061       2.24767788E-07
  0.988000035       1.13944026E-07
  0.990000129       1.13946555E-07
  0.992000103       5.77641401E-08
  0.994000077       5.77654475E-08
  0.996000051       2.92836368E-08
  0.998000145       2.92843119E-08
