  -1.00000000      0.206364527    
 -0.998000026      0.206367344    
 -0.995999992      0.131348193    
 -0.994000018      0.131350458    
 -0.991999984       7.65615404E-02
 -0.990000010       7.65630454E-02
 -0.987999976       4.20200005E-02
 -0.986000001       4.20208871E-02
 -0.984000027       2.22368613E-02
 -0.981999993       2.22373493E-02
 -0.980000019       1.15300827E-02
 -0.977999985       1.15303425E-02
 -0.976000011       5.91366272E-03
 -0.973999977       5.91379777E-03
 -0.972000003       3.01587349E-03
 -0.970000029       3.01594287E-03
 -0.967999995       1.53356022E-03
 -0.966000021       1.53359573E-03
 -0.963999987       7.78646907E-04
 -0.962000012       7.78665009E-04
 -0.959999979       3.95048672E-04
 -0.958000004       3.95057956E-04
 -0.955999970       2.00351817E-04
 -0.953999996       2.00356619E-04
 -0.952000022       1.01590136E-04
 -0.949999988       1.01592646E-04
 -0.948000014       5.15072243E-05
 -0.945999980       5.15085958E-05
 -0.944000006       2.61136047E-05
 -0.941999972       2.61144396E-05
 -0.939999998       1.32393034E-05
 -0.938000023       1.32399091E-05
 -0.935999990       6.71253110E-06
 -0.934000015       6.71308135E-06
 -0.931999981       3.40392580E-06
 -0.930000007       3.40452652E-06
 -0.927999973       1.72691557E-06
 -0.925999999       1.72764646E-06
 -0.924000025       8.77168418E-07
 -0.921999991       8.78100991E-07
 -0.920000017       4.46945677E-07
 -0.917999983       4.48158232E-07
 -0.916000009       2.29581588E-07
 -0.913999975       2.31167220E-07
 -0.912000000       1.20358635E-07
 -0.909999967       1.22433306E-07
 -0.907999992       6.62583233E-08
 -0.906000018       6.89687738E-08
 -0.903999984       4.04905478E-08
 -0.902000010       4.40235119E-08
 -0.899999976       2.95862854E-08
 -0.898000002       3.41793935E-08
 -0.896000028       2.68602953E-08
 -0.893999994       3.28154215E-08
 -0.892000020       2.91048625E-08
 -0.889999986       3.68045150E-08
 -0.888000011       3.49232856E-08
 -0.885999978       4.48507613E-08
 -0.884000003       4.38968755E-08
 -0.881999969       5.66609835E-08
 -0.879999995       5.61771643E-08
 -0.878000021       7.25424769E-08
 -0.875999987       7.22968920E-08
 -0.874000013       9.32206490E-08
 -0.871999979       9.30957569E-08
 -0.870000005       1.19772665E-07
 -0.868000031       1.19708872E-07
 -0.865999997       1.53625365E-07
 -0.863999963       1.53592424E-07
 -0.861999989       1.96592183E-07
 -0.860000014       1.96574717E-07
 -0.857999980       2.50937291E-07
 -0.856000006       2.50927457E-07
 -0.853999972       3.19462373E-07
 -0.851999998       3.19456149E-07
 -0.850000024       4.05615197E-07
 -0.847999990       4.05610535E-07
 -0.845999956       5.13621160E-07
 -0.843999982       5.13616840E-07
 -0.842000008       6.48639798E-07
 -0.839999974       6.48635137E-07
 -0.838000000       8.16950433E-07
 -0.835999966       8.16945146E-07
 -0.833999991       1.02616991E-06
 -0.832000017       1.02616366E-06
 -0.829999983       1.28550755E-06
 -0.828000009       1.28549982E-06
 -0.825999975       1.60606078E-06
 -0.824000001       1.60605146E-06
 -0.822000027       2.00116006E-06
 -0.819999993       2.00114869E-06
 -0.817999959       2.48676383E-06
 -0.815999985       2.48674974E-06
 -0.814000010       3.08191420E-06
 -0.811999977       3.08189692E-06
 -0.810000002       3.80925667E-06
 -0.807999969       3.80923530E-06
 -0.805999994       4.69563247E-06
 -0.804000020       4.69560609E-06
 -0.801999986       5.77274659E-06
 -0.800000012       5.77271476E-06
 -0.797999978       7.07792515E-06
 -0.796000004       7.07788740E-06
 -0.793999970       8.65495895E-06
 -0.791999996       8.65491347E-06
 -0.789999962       1.05550471E-05
 -0.787999988       1.05549916E-05
 -0.786000013       1.28378388E-05
 -0.783999979       1.28377706E-05
 -0.782000005       1.55725884E-05
 -0.779999971       1.55725065E-05
 -0.777999997       1.88394188E-05
 -0.776000023       1.88393224E-05
 -0.773999989       2.27306900E-05
 -0.771999955       2.27305773E-05
 -0.769999981       2.73524929E-05
 -0.768000007       2.73523619E-05
 -0.765999973       3.28262431E-05
 -0.763999999       3.28260903E-05
 -0.761999965       3.92903748E-05
 -0.759999990       3.92902002E-05
 -0.758000016       4.69021688E-05
 -0.755999982       4.69019615E-05
 -0.754000008       5.58396132E-05
 -0.751999974       5.58393695E-05
 -0.750000000       6.63033861E-05
 -0.748000026       6.63031096E-05
 -0.745999992       7.85188895E-05
 -0.743999958       7.85185694E-05
 -0.741999984       9.27382862E-05
 -0.740000010       9.27379078E-05
 -0.737999976       1.09242588E-04
 -0.736000001       1.09242152E-04
 -0.733999968       1.28343716E-04
 -0.731999993       1.28343221E-04
 -0.730000019       1.50386477E-04
 -0.727999985       1.50385924E-04
 -0.725999951       1.75750538E-04
 -0.723999977       1.75749898E-04
 -0.722000003       2.04852171E-04
 -0.720000029       2.04851429E-04
 -0.717999995       2.38145833E-04
 -0.715999961       2.38145003E-04
 -0.713999987       2.76125676E-04
 -0.712000012       2.76124745E-04
 -0.709999979       3.19326617E-04
 -0.707999945       3.19325598E-04
 -0.705999970       3.68325214E-04
 -0.703999996       3.68324021E-04
 -0.702000022       4.23740101E-04
 -0.699999988       4.23738733E-04
 -0.697999954       4.86232020E-04
 -0.695999980       4.86230478E-04
 -0.694000006       5.56503655E-04
 -0.691999972       5.56501909E-04
 -0.689999998       6.35298609E-04
 -0.687999964       6.35296747E-04
 -0.685999990       7.23400211E-04
 -0.684000015       7.23398174E-04
 -0.681999981       8.21629597E-04
 -0.679999948       8.21627327E-04
 -0.677999973       9.30843176E-04
 -0.675999999       9.30840673E-04
 -0.674000025       1.05193001E-03
 -0.671999991       1.05192733E-03
 -0.669999957       1.18580821E-03
 -0.667999983       1.18580519E-03
 -0.666000009       1.33342063E-03
 -0.663999975       1.33341737E-03
 -0.661999941       1.49573083E-03
 -0.659999967       1.49572745E-03
 -0.657999992       1.67371822E-03
 -0.656000018       1.67371449E-03
 -0.653999984       1.86837232E-03
 -0.651999950       1.86836824E-03
 -0.649999976       2.08068709E-03
 -0.648000002       2.08068290E-03
 -0.646000028       2.31165579E-03
 -0.643999994       2.31165136E-03
 -0.641999960       2.56226398E-03
 -0.639999986       2.56225909E-03
 -0.638000011       2.83348397E-03
 -0.635999978       2.83347862E-03
 -0.633999944       3.12626804E-03
 -0.631999969       3.12626199E-03
 -0.629999995       3.44154262E-03
 -0.628000021       3.44153610E-03
 -0.625999987       3.78020201E-03
 -0.623999953       3.78019549E-03
 -0.621999979       4.14310396E-03
 -0.620000005       4.14309744E-03
 -0.617999971       4.53106267E-03
 -0.615999997       4.53105522E-03
 -0.613999963       4.94484371E-03
 -0.611999989       4.94483579E-03
 -0.610000014       5.38516091E-03
 -0.607999980       5.38515206E-03
 -0.605999947       5.85267134E-03
 -0.603999972       5.85266203E-03
 -0.601999998       6.34797243E-03
 -0.600000024       6.34796219E-03
 -0.597999990       6.87159784E-03
 -0.595999956       6.87158713E-03
 -0.593999982       7.42401648E-03
 -0.592000008       7.42400577E-03
 -0.589999974       8.00563116E-03
 -0.587999940       8.00562091E-03
 -0.585999966       8.61677621E-03
 -0.583999991       8.61676596E-03
 -0.582000017       9.25771985E-03
 -0.579999983       9.25770774E-03
 -0.577999949       9.92865954E-03
 -0.575999975       9.92864743E-03
 -0.574000001       1.06297284E-02
 -0.571999967       1.06297154E-02
 -0.569999993       1.13609908E-02
 -0.567999959       1.13609768E-02
 -0.565999985       1.21224495E-02
 -0.564000010       1.21224355E-02
 -0.561999977       1.29140457E-02
 -0.559999943       1.29140317E-02
 -0.557999969       1.37356604E-02
 -0.555999994       1.37356464E-02
 -0.554000020       1.45871183E-02
 -0.551999986       1.45871043E-02
 -0.549999952       1.54681923E-02
 -0.547999978       1.54681774E-02
 -0.546000004       1.63786039E-02
 -0.543999970       1.63785890E-02
 -0.541999936       1.73180308E-02
 -0.539999962       1.73180122E-02
 -0.537999988       1.82861052E-02
 -0.536000013       1.82860866E-02
 -0.533999979       1.92824230E-02
 -0.531999946       1.92824025E-02
 -0.529999971       2.03065425E-02
 -0.527999997       2.03065202E-02
 -0.525999963       2.13579927E-02
 -0.523999989       2.13579703E-02
 -0.521999955       2.24362742E-02
 -0.519999981       2.24362519E-02
 -0.518000007       2.35408638E-02
 -0.515999973       2.35408414E-02
 -0.513999939       2.46712174E-02
 -0.511999965       2.46711951E-02
 -0.509999990       2.58267745E-02
 -0.508000016       2.58267522E-02
 -0.505999982       2.70069558E-02
 -0.503999949       2.70069335E-02
 -0.501999974       2.82111745E-02
 -0.500000000       2.82111522E-02
 -0.497999966       2.94388384E-02
 -0.495999992       2.94388160E-02
 -0.493999958       3.06893438E-02
 -0.491999984       3.06893215E-02
 -0.489999950       3.19620855E-02
 -0.487999976       3.19620632E-02
 -0.486000001       3.32564600E-02
 -0.483999968       3.32564376E-02
 -0.481999993       3.45718563E-02
 -0.479999959       3.45718339E-02
 -0.477999985       3.59076709E-02
 -0.475999951       3.59076522E-02
 -0.473999977       3.72633114E-02
 -0.472000003       3.72632928E-02
 -0.469999969       3.86381820E-02
 -0.467999995       3.86381634E-02
 -0.465999961       4.00316976E-02
 -0.463999987       4.00316790E-02
 -0.461999953       4.14432772E-02
 -0.459999979       4.14432622E-02
 -0.457999945       4.28723618E-02
 -0.455999970       4.28723469E-02
 -0.453999996       4.43183854E-02
 -0.451999962       4.43183705E-02
 -0.449999988       4.57808003E-02
 -0.447999954       4.57807854E-02
 -0.445999980       4.72590812E-02
 -0.443999946       4.72590588E-02
 -0.441999972       4.87526916E-02
 -0.439999998       4.87526692E-02
 -0.437999964       5.02611324E-02
 -0.435999990       5.02611101E-02
 -0.433999956       5.17838970E-02
 -0.431999981       5.17838746E-02
 -0.429999948       5.33205085E-02
 -0.427999973       5.33204861E-02
 -0.425999999       5.48704937E-02
 -0.423999965       5.48704714E-02
 -0.421999991       5.64333871E-02
 -0.419999957       5.64333685E-02
 -0.417999983       5.80087565E-02
 -0.415999949       5.80087341E-02
 -0.413999975       5.95961660E-02
 -0.412000000       5.95961474E-02
 -0.409999967       6.11951984E-02
 -0.407999992       6.11951798E-02
 -0.405999959       6.28054515E-02
 -0.403999984       6.28054366E-02
 -0.401999950       6.44265264E-02
 -0.399999976       6.44265115E-02
 -0.397999942       6.60580546E-02
 -0.395999968       6.60580397E-02
 -0.393999994       6.76996633E-02
 -0.391999960       6.76996484E-02
 -0.389999986       6.93509951E-02
 -0.387999952       6.93509802E-02
 -0.385999978       7.10117146E-02
 -0.383999944       7.10117072E-02
 -0.381999969       7.26814941E-02
 -0.379999995       7.26814792E-02
 -0.377999961       7.43600056E-02
 -0.375999987       7.43599981E-02
 -0.373999953       7.60469511E-02
 -0.371999979       7.60469437E-02
 -0.369999945       7.77420327E-02
 -0.367999971       7.77420253E-02
 -0.365999997       7.94449523E-02
 -0.363999963       7.94449523E-02
 -0.361999989       8.11554566E-02
 -0.359999955       8.11554492E-02
 -0.357999980       8.28732625E-02
 -0.355999947       8.28732550E-02
 -0.353999972       8.45981240E-02
 -0.351999998       8.45981091E-02
 -0.349999964       8.63297954E-02
 -0.347999990       8.63297731E-02
 -0.345999956       8.80680233E-02
 -0.343999982       8.80680010E-02
 -0.341999948       8.98125991E-02
 -0.339999974       8.98125693E-02
 -0.337999940       9.15632844E-02
 -0.335999966       9.15632546E-02
 -0.333999991       9.33198780E-02
 -0.331999958       9.33198482E-02
 -0.329999983       9.50821787E-02
 -0.327999949       9.50821489E-02
 -0.325999975       9.68499780E-02
 -0.323999941       9.68499482E-02
 -0.321999967       9.86231044E-02
 -0.319999993       9.86230671E-02
 -0.317999959      0.100401364    
 -0.315999985      0.100401327    
 -0.313999951      0.102184571    
 -0.311999977      0.102184534    
 -0.309999943      0.103972562    
 -0.307999969      0.103972532    
 -0.305999994      0.105765179    
 -0.303999960      0.105765149    
 -0.301999986      0.107562274    
 -0.299999952      0.107562244    
 -0.297999978      0.109363683    
 -0.295999944      0.109363653    
 -0.293999970      0.111169264    
 -0.291999996      0.111169234    
 -0.289999962      0.112978876    
 -0.287999988      0.112978846    
 -0.285999954      0.114792377    
 -0.283999979      0.114792354    
 -0.281999946      0.116609648    
 -0.279999971      0.116609626    
 -0.277999938      0.118430555    
 -0.275999963      0.118430533    
 -0.273999989      0.120254971    
 -0.271999955      0.120254956    
 -0.269999981      0.122082800    
 -0.267999947      0.122082785    
 -0.265999973      0.123913907    
 -0.263999939      0.123913892    
 -0.261999965      0.125748202    
 -0.259999990      0.125748172    
 -0.257999957      0.127585575    
 -0.255999982      0.127585545    
 -0.253999949      0.129425928    
 -0.251999974      0.129425898    
 -0.249999940      0.131269142    
 -0.247999966      0.131269127    
 -0.245999992      0.133115128    
 -0.243999958      0.133115128    
 -0.241999984      0.134963825    
 -0.239999950      0.134963810    
 -0.237999976      0.136815116    
 -0.235999942      0.136815101    
 -0.233999968      0.138668925    
 -0.231999993      0.138668910    
 -0.229999959      0.140525162    
 -0.227999985      0.140525147    
 -0.225999951      0.142383754    
 -0.223999977      0.142383739    
 -0.221999943      0.144244641    
 -0.219999969      0.144244626    
 -0.217999935      0.146107703    
 -0.215999961      0.146107689    
 -0.213999987      0.147972912    
 -0.211999953      0.147972897    
 -0.209999979      0.149840176    
 -0.207999945      0.149840161    
 -0.205999970      0.151709437    
 -0.203999937      0.151709422    
 -0.201999962      0.153580636    
 -0.199999988      0.153580606    
 -0.197999954      0.155453682    
 -0.195999980      0.155453652    
 -0.193999946      0.157328546    
 -0.191999972      0.157328516    
 -0.189999938      0.159205168    
 -0.187999964      0.159205139    
 -0.185999990      0.161083475    
 -0.183999956      0.161083445    
 -0.181999981      0.162963405    
 -0.179999948      0.162963390    
 -0.177999973      0.164844930    
 -0.175999939      0.164844900    
 -0.173999965      0.166727975    
 -0.171999931      0.166727945    
 -0.169999957      0.168612510    
 -0.167999983      0.168612480    
 -0.165999949      0.170498461    
 -0.163999975      0.170498431    
 -0.161999941      0.172385782    
 -0.159999967      0.172385752    
 -0.157999933      0.174274430    
 -0.155999959      0.174274415    
 -0.153999984      0.176164374    
 -0.151999950      0.176164359    
 -0.149999976      0.178055570    
 -0.147999942      0.178055555    
 -0.145999968      0.179947972    
 -0.143999934      0.179947957    
 -0.141999960      0.181841522    
 -0.139999986      0.181841508    
 -0.137999952      0.183736205    
 -0.135999978      0.183736175    
 -0.133999944      0.185631946    
 -0.131999969      0.185631916    
 -0.129999936      0.187528729    
 -0.127999961      0.187528700    
 -0.125999987      0.189426512    
 -0.123999953      0.189426482    
 -0.121999979      0.191325262    
 -0.119999945      0.191325247    
 -0.117999971      0.193224937    
 -0.115999937      0.193224922    
 -0.113999963      0.195125490    
 -0.111999929      0.195125490    
 -0.109999955      0.197026923    
 -0.107999980      0.197026923    
 -0.105999947      0.198929191    
 -0.103999972      0.198929191    
 -0.101999938      0.200832248    
  -9.99999642E-02  0.200832248    
  -9.79999304E-02  0.202736065    
  -9.59999561E-02  0.202736065    
  -9.39999819E-02  0.204640612    
  -9.19999480E-02  0.204640612    
  -8.99999738E-02  0.206545860    
  -8.79999399E-02  0.206545860    
  -8.59999657E-02  0.208451778    
  -8.39999318E-02  0.208451778    
  -8.19999576E-02  0.210358337    
  -7.99999833E-02  0.210358337    
  -7.79999495E-02  0.212265506    
  -7.59999752E-02  0.212265506    
  -7.39999413E-02  0.214173257    
  -7.19999671E-02  0.214173257    
  -6.99999332E-02  0.216081560    
  -6.79999590E-02  0.216081560    
  -6.59999847E-02  0.217990398    
  -6.39999509E-02  0.217990398    
  -6.19999766E-02  0.219899714    
  -5.99999428E-02  0.219899714    
  -5.79999685E-02  0.221809521    
  -5.59999347E-02  0.221809521    
  -5.39999604E-02  0.223719761    
  -5.19999266E-02  0.223719761    
  -4.99999523E-02  0.225630432    
  -4.79999781E-02  0.225630432    
  -4.59999442E-02  0.227541491    
  -4.39999700E-02  0.227541476    
  -4.19999361E-02  0.229452908    
  -3.99999619E-02  0.229452893    
  -3.79999280E-02  0.231364667    
  -3.59999537E-02  0.231364653    
  -3.39999795E-02  0.233276740    
  -3.19999456E-02  0.233276740    
  -2.99999714E-02  0.235189110    
  -2.79999375E-02  0.235189110    
  -2.59999633E-02  0.237101763    
  -2.39999294E-02  0.237101763    
  -2.19999552E-02  0.239014655    
  -1.99999809E-02  0.239014655    
  -1.79999471E-02  0.240927756    
  -1.59999728E-02  0.240927756    
  -1.39999390E-02  0.242841050    
  -1.19999647E-02  0.242841050    
  -9.99993086E-03  0.244754523    
  -7.99995661E-03  0.244754523    
  -5.99998236E-03  0.246668145    
  -3.99994850E-03  0.246668145    
  -1.99997425E-03  0.248581871    
   0.00000000      0.248581886    
   2.00009346E-03  0.250495702    
   4.00006771E-03  0.250495732    
   6.00004196E-03  0.252409637    
   8.00001621E-03  0.252409637    
   9.99999046E-03  0.254323632    
   1.20000839E-02  0.254323632    
   1.40000582E-02  0.256237626    
   1.60000324E-02  0.256237626    
   1.80000067E-02  0.258151591    
   2.00001001E-02  0.258151591    
   2.20000744E-02  0.260065556    
   2.40000486E-02  0.260065556    
   2.60000229E-02  0.261979491    
   2.79999971E-02  0.261979550    
   3.00000906E-02  0.263893366    
   3.20000648E-02  0.263893425    
   3.40000391E-02  0.265807152    
   3.60000134E-02  0.265807182    
   3.80001068E-02  0.267720819    
   4.00000811E-02  0.267720848    
   4.20000553E-02  0.269634366    
   4.40000296E-02  0.269634396    
   4.60000038E-02  0.271547735    
   4.80000973E-02  0.271547765    
   5.00000715E-02  0.273460925    
   5.20000458E-02  0.273460954    
   5.40000200E-02  0.275373876    
   5.59999943E-02  0.275373906    
   5.80000877E-02  0.277286619    
   6.00000620E-02  0.277286619    
   6.20000362E-02  0.279199064    
   6.40000105E-02  0.279199064    
   6.60001040E-02  0.281111240    
   6.80000782E-02  0.281111211    
   7.00000525E-02  0.283023119    
   7.20000267E-02  0.283023089    
   7.40000010E-02  0.284934640    
   7.60000944E-02  0.284934610    
   7.80000687E-02  0.286845803    
   8.00000429E-02  0.286845744    
   8.20000172E-02  0.288756579    
   8.40001106E-02  0.288756520    
   8.60000849E-02  0.290666938    
   8.80000591E-02  0.290666878    
   9.00000334E-02  0.292576820    
   9.20000076E-02  0.292576790    
   9.40001011E-02  0.294486225    
   9.60000753E-02  0.294486225    
   9.80000496E-02  0.296395153    
  0.100000024      0.296395123    
  0.101999998      0.298303545    
  0.104000092      0.298303515    
  0.106000066      0.300211340    
  0.108000040      0.300211340    
  0.110000014      0.302118570    
  0.112000108      0.302118570    
  0.114000082      0.304025203    
  0.116000056      0.304025173    
  0.118000031      0.305931151    
  0.120000005      0.305931121    
  0.122000098      0.307836384    
  0.124000072      0.307836384    
  0.126000047      0.309740931    
  0.128000021      0.309740931    
  0.129999995      0.311644703    
  0.132000089      0.311644703    
  0.134000063      0.313547671    
  0.136000037      0.313547730    
  0.138000011      0.315449864    
  0.140000105      0.315449923    
  0.142000079      0.317351162    
  0.144000053      0.317351222    
  0.146000028      0.319251567    
  0.148000002      0.319251627    
  0.150000095      0.321151048    
  0.152000070      0.321151108    
  0.154000044      0.323049545    
  0.156000018      0.323049605    
  0.158000112      0.324947029    
  0.160000086      0.324947089    
  0.162000060      0.326843441    
  0.164000034      0.326843530    
  0.166000009      0.328738779    
  0.168000102      0.328738868    
  0.170000076      0.330633014    
  0.172000051      0.330633044    
  0.174000025      0.332526028    
  0.175999999      0.332526058    
  0.178000093      0.334417820    
  0.180000067      0.334417850    
  0.182000041      0.336308300    
  0.184000015      0.336308360    
  0.186000109      0.338197470    
  0.188000083      0.338197529    
  0.190000057      0.340085268    
  0.192000031      0.340085268    
  0.194000006      0.341971606    
  0.196000099      0.341971636    
  0.198000073      0.343856454    
  0.200000048      0.343856484    
  0.202000022      0.345739782    
  0.204000115      0.345739812    
  0.206000090      0.347621530    
  0.208000064      0.347621560    
  0.210000038      0.349501610    
  0.212000012      0.349501640    
  0.214000106      0.351380020    
  0.216000080      0.351379991    
  0.218000054      0.353256643    
  0.220000029      0.353256583    
  0.222000003      0.355131388    
  0.224000096      0.355131358    
  0.226000071      0.357004255    
  0.228000045      0.357004195    
  0.230000019      0.358875096    
  0.232000113      0.358875036    
  0.234000087      0.360743910    
  0.236000061      0.360743821    
  0.238000035      0.362610579    
  0.240000010      0.362610519    
  0.242000103      0.364475042    
  0.244000077      0.364474982    
  0.246000051      0.366337180    
  0.248000026      0.366337121    
  0.250000000      0.368196994    
  0.252000093      0.368196934    
  0.254000068      0.370054334    
  0.256000042      0.370054275    
  0.258000016      0.371909142    
  0.260000110      0.371909082    
  0.262000084      0.373761326    
  0.264000058      0.373761237    
  0.266000032      0.375610769    
  0.268000007      0.375610709    
  0.270000100      0.377457350    
  0.272000074      0.377457321    
  0.274000049      0.379301012    
  0.276000023      0.379300982    
  0.278000116      0.381141573    
  0.280000091      0.381141603    
  0.282000065      0.382979035    
  0.284000039      0.382979035    
  0.286000013      0.384813219    
  0.288000107      0.384813190    
  0.290000081      0.386644006    
  0.292000055      0.386643976    
  0.294000030      0.388471276    
  0.296000004      0.388471216    
  0.298000097      0.390294880    
  0.300000072      0.390294820    
  0.302000046      0.392114729    
  0.304000020      0.392114669    
  0.306000113      0.393930614    
  0.308000088      0.393930554    
  0.310000062      0.395742476    
  0.312000036      0.395742357    
  0.314000010      0.397550046    
  0.316000104      0.397549957    
  0.318000078      0.399353266    
  0.320000052      0.399353147    
  0.322000027      0.401151925    
  0.324000120      0.401151776    
  0.326000094      0.402945846    
  0.328000069      0.402945668    
  0.330000043      0.404734850    
  0.332000017      0.404734671    
  0.334000111      0.406518728    
  0.336000085      0.406518608    
  0.338000059      0.408297300    
  0.340000033      0.408297241    
  0.342000008      0.410070419    
  0.344000101      0.410070390    
  0.346000075      0.411837816    
  0.348000050      0.411837816    
  0.350000024      0.413599342    
  0.352000117      0.413599342    
  0.354000092      0.415354699    
  0.356000066      0.415354669    
  0.358000040      0.417103648    
  0.360000014      0.417103618    
  0.362000108      0.418845952    
  0.364000082      0.418845922    
  0.366000056      0.420581371    
  0.368000031      0.420581341    
  0.370000124      0.422309607    
  0.372000098      0.422309577    
  0.374000072      0.424030393    
  0.376000047      0.424030393    
  0.378000021      0.425743431    
  0.380000114      0.425743431    
  0.382000089      0.427448452    
  0.384000063      0.427448422    
  0.386000037      0.429145098    
  0.388000011      0.429145038    
  0.390000105      0.430833042    
  0.392000079      0.430833012    
  0.394000053      0.432511985    
  0.396000028      0.432511926    
  0.398000121      0.434181541    
  0.400000095      0.434181452    
  0.402000070      0.435841292    
  0.404000044      0.435841233    
  0.406000018      0.437490880    
  0.408000112      0.437490821    
  0.410000086      0.439129978    
  0.412000060      0.439129889    
  0.414000034      0.440758079    
  0.416000009      0.440758020    
  0.418000102      0.442374825    
  0.420000076      0.442374736    
  0.422000051      0.443979740    
  0.424000025      0.443979621    
  0.426000118      0.445572346    
  0.428000093      0.445572197    
  0.430000067      0.447152168    
  0.432000041      0.447152019    
  0.434000015      0.448718727    
  0.436000109      0.448718578    
  0.438000083      0.450271517    
  0.440000057      0.450271368    
  0.442000031      0.451810002    
  0.444000125      0.451809824    
  0.446000099      0.453333616    
  0.448000073      0.453333467    
  0.450000048      0.454841793    
  0.452000022      0.454841673    
  0.454000115      0.456333995    
  0.456000090      0.456333876    
  0.458000064      0.457809627    
  0.460000038      0.457809508    
  0.462000012      0.459268093    
  0.464000106      0.459267914    
  0.466000080      0.460708678    
  0.468000054      0.460708499    
  0.470000029      0.462130815    
  0.472000122      0.462130666    
  0.474000096      0.463533819    
  0.476000071      0.463533700    
  0.478000045      0.464917064    
  0.480000019      0.464916915    
  0.482000113      0.466279835    
  0.484000087      0.466279715    
  0.486000061      0.467621505    
  0.488000035      0.467621386    
  0.490000129      0.468941301    
  0.492000103      0.468941212    
  0.494000077      0.470238566    
  0.496000051      0.470238507    
  0.498000026      0.471512586    
  0.500000119      0.471512526    
  0.502000093      0.472762644    
  0.504000068      0.472762585    
  0.506000042      0.473988116    
  0.508000016      0.473988056    
  0.510000110      0.475188226    
  0.512000084      0.475188166    
  0.514000058      0.476362288    
  0.516000032      0.476362258    
  0.518000126      0.477509677    
  0.520000100      0.477509618    
  0.522000074      0.478629649    
  0.524000049      0.478629589    
  0.526000023      0.479721606    
  0.528000116      0.479721546    
  0.530000091      0.480784953    
  0.532000065      0.480784863    
  0.534000039      0.481819034    
  0.536000013      0.481818914    
  0.538000107      0.482823312    
  0.540000081      0.482823223    
  0.542000055      0.483797252    
  0.544000030      0.483797193    
  0.546000123      0.484740406    
  0.548000097      0.484740376    
  0.550000072      0.485652268    
  0.552000046      0.485652328    
  0.554000020      0.486532539    
  0.556000113      0.486532599    
  0.558000088      0.487380892    
  0.560000062      0.487380922    
  0.562000036      0.488197029    
  0.564000130      0.488197058    
  0.566000104      0.488980770    
  0.568000078      0.488980800    
  0.570000052      0.489731967    
  0.572000027      0.489732027    
  0.574000120      0.490450621    
  0.576000094      0.490450680    
  0.578000069      0.491136700    
  0.580000043      0.491136789    
  0.582000017      0.491790354    
  0.584000111      0.491790473    
  0.586000085      0.492411792    
  0.588000059      0.492411941    
  0.590000033      0.493001312    
  0.592000127      0.493001431    
  0.594000101      0.493559241    
  0.596000075      0.493559361    
  0.598000050      0.494086087    
  0.600000024      0.494086176    
  0.602000117      0.494582295    
  0.604000092      0.494582355    
  0.606000066      0.495048523    
  0.608000040      0.495048583    
  0.610000134      0.495485485    
  0.612000108      0.495485544    
  0.614000082      0.495893896    
  0.616000056      0.495893955    
  0.618000031      0.496274650    
  0.620000124      0.496274710    
  0.622000098      0.496628642    
  0.624000072      0.496628702    
  0.626000047      0.496956855    
  0.628000021      0.496956915    
  0.630000114      0.497260243    
  0.632000089      0.497260302    
  0.634000063      0.497539878    
  0.636000037      0.497539937    
  0.638000131      0.497796953    
  0.640000105      0.497797012    
  0.642000079      0.498032480    
  0.644000053      0.498032540    
  0.646000028      0.498247653    
  0.648000121      0.498247683    
  0.650000095      0.498443633    
  0.652000070      0.498443633    
  0.654000044      0.498621553    
  0.656000137      0.498621523    
  0.658000112      0.498782545    
  0.660000086      0.498782486    
  0.662000060      0.498927772    
  0.664000034      0.498927683    
  0.666000128      0.499058336    
  0.668000102      0.499058247    
  0.670000076      0.499175340    
  0.672000051      0.499175251    
  0.674000025      0.499279857    
  0.676000118      0.499279797    
  0.678000093      0.499372929    
  0.680000067      0.499372840    
  0.682000041      0.499455452    
  0.684000134      0.499455392    
  0.686000109      0.499528468    
  0.688000083      0.499528408    
  0.690000057      0.499592841    
  0.692000031      0.499592751    
  0.694000125      0.499649405    
  0.696000099      0.499649316    
  0.698000073      0.499698848    
  0.700000048      0.499698758    
  0.702000022      0.499741971    
  0.704000115      0.499741912    
  0.706000090      0.499779463    
  0.708000064      0.499779373    
  0.710000038      0.499811918    
  0.712000132      0.499811858    
  0.714000106      0.499839932    
  0.716000080      0.499839872    
  0.718000054      0.499864012    
  0.720000029      0.499863952    
  0.722000122      0.499884635    
  0.724000096      0.499884605    
  0.726000071      0.499902248    
  0.728000045      0.499902219    
  0.730000138      0.499917209    
  0.732000113      0.499917179    
  0.734000087      0.499929845    
  0.736000061      0.499929816    
  0.738000035      0.499940515    
  0.740000129      0.499940485    
  0.742000103      0.499949485    
  0.744000077      0.499949455    
  0.746000051      0.499956965    
  0.748000026      0.499956936    
  0.750000119      0.499963164    
  0.752000093      0.499963135    
  0.754000068      0.499968261    
  0.756000042      0.499968261    
  0.758000135      0.499972492    
  0.760000110      0.499972492    
  0.762000084      0.499975920    
  0.764000058      0.499975920    
  0.766000032      0.499978721    
  0.768000126      0.499978721    
  0.770000100      0.499980956    
  0.772000074      0.499980956    
  0.774000049      0.499982744    
  0.776000142      0.499982744    
  0.778000116      0.499984115    
  0.780000091      0.499984115    
  0.782000065      0.499985218    
  0.784000039      0.499985218    
  0.786000133      0.499986053    
  0.788000107      0.499986053    
  0.790000081      0.499986649    
  0.792000055      0.499986649    
  0.794000030      0.499987006    
  0.796000123      0.499987006    
  0.798000097      0.499987245    
  0.800000072      0.499987245    
  0.802000046      0.499987334    
  0.804000139      0.499987334    
  0.806000113      0.499987364    
  0.808000088      0.499987364    
  0.810000062      0.499987394    
  0.812000036      0.499987394    
  0.814000130      0.499987423    
  0.816000104      0.499987423    
  0.818000078      0.499987453    
  0.820000052      0.499987453    
  0.822000146      0.499987483    
  0.824000120      0.499987483    
  0.826000094      0.499987513    
  0.828000069      0.499987513    
  0.830000043      0.499987543    
  0.832000136      0.499987543    
  0.834000111      0.499987572    
  0.836000085      0.499987572    
  0.838000059      0.499987602    
  0.840000033      0.499987602    
  0.842000127      0.499987632    
  0.844000101      0.499987632    
  0.846000075      0.499987662    
  0.848000050      0.499987662    
  0.850000143      0.499987692    
  0.852000117      0.499987692    
  0.854000092      0.499987721    
  0.856000066      0.499987721    
  0.858000040      0.499987751    
  0.860000134      0.499987751    
  0.862000108      0.499987781    
  0.864000082      0.499987781    
  0.866000056      0.499987811    
  0.868000031      0.499987811    
  0.870000124      0.499987841    
  0.872000098      0.499987841    
  0.874000072      0.499987870    
  0.876000047      0.499987870    
  0.878000140      0.499987900    
  0.880000114      0.499987900    
  0.882000089      0.499987930    
  0.884000063      0.499987930    
  0.886000037      0.499987960    
  0.888000131      0.499987960    
  0.890000105      0.499987990    
  0.892000079      0.499987990    
  0.894000053      0.499988019    
  0.896000147      0.499988019    
  0.898000121      0.499988049    
  0.900000095      0.499988049    
  0.902000070      0.499988079    
  0.904000044      0.499988079    
  0.906000137      0.499988109    
  0.908000112      0.499988109    
  0.910000086      0.499988139    
  0.912000060      0.499988139    
  0.914000034      0.499988168    
  0.916000128      0.499988139    
  0.918000102      0.499988168    
  0.920000076      0.499987990    
  0.922000051      0.499988019    
  0.924000144      0.499987543    
  0.926000118      0.499987572    
  0.928000093      0.499986529    
  0.930000067      0.499986559    
  0.932000041      0.499984324    
  0.934000134      0.499984354    
  0.936000109      0.499979675    
  0.938000083      0.499979705    
  0.940000057      0.499970138    
  0.942000151      0.499970168    
  0.944000125      0.499950647    
  0.946000099      0.499950707    
  0.948000073      0.499911010    
  0.950000048      0.499911070    
  0.952000141      0.499830544    
  0.954000115      0.499830574    
  0.956000090      0.499667376    
  0.958000064      0.499667406    
  0.960000038      0.499336928    
  0.962000132      0.499336988    
  0.964000106      0.498668522    
  0.966000080      0.498668611    
  0.968000054      0.497319788    
  0.970000148      0.497319907    
  0.972000122      0.494610637    
  0.974000096      0.494610846    
  0.976000071      0.489218444    
  0.978000045      0.489218831    
  0.980000138      0.478676975    
  0.982000113      0.478677571    
  0.984000087      0.458767325    
  0.986000061      0.458768338    
  0.988000035      0.423465818    
  0.990000129      0.423467427    
  0.992000103      0.367213368    
  0.994000077      0.367215723    
  0.996000051      0.290837109    
  0.998000145      0.290839970    
