  -1.00000000       2.93007969E-34
 -0.998000026       4.50541914E-34
 -0.995999992       2.83942313E-34
 -0.994000018       8.28246248E-34
 -0.991999984       7.81850496E-34
 -0.990000010       2.63870968E-33
 -0.987999976       2.62591185E-33
 -0.986000001       8.88076284E-33
 -0.984000027       8.87713938E-33
 -0.981999993       2.96832895E-32
 -0.980000019       2.96818201E-32
 -0.977999985       9.80319618E-32
 -0.976000011       9.80299458E-32
 -0.973999977       3.19796200E-31
 -0.972000003       3.19790440E-31
 -0.970000029       1.03050399E-30
 -0.967999995       1.03048565E-30
 -0.966000021       3.28042444E-30
 -0.963999987       3.28036651E-30
 -0.962000012       1.03168689E-29
 -0.959999979       1.03166846E-29
 -0.958000004       3.20579826E-29
 -0.955999970       3.20574079E-29
 -0.953999996       9.84299281E-29
 -0.952000022       9.84281646E-29
 -0.949999988       2.98643075E-28
 -0.948000014       2.98637731E-28
 -0.945999980       8.95453424E-28
 -0.944000006       8.95437439E-28
 -0.941999972       2.65356130E-27
 -0.939999998       2.65351392E-27
 -0.938000023       7.77213651E-27
 -0.935999990       7.77199939E-27
 -0.934000015       2.25012266E-26
 -0.931999981       2.25008291E-26
 -0.930000007       6.43954059E-26
 -0.927999973       6.43942658E-26
 -0.925999999       1.82185750E-25
 -0.924000025       1.82182557E-25
 -0.921999991       5.09579789E-25
 -0.920000017       5.09570914E-25
 -0.917999983       1.40920791E-24
 -0.916000009       1.40918375E-24
 -0.913999975       3.85326998E-24
 -0.912000000       3.85320450E-24
 -0.909999967       1.04184008E-23
 -0.907999992       1.04182241E-23
 -0.906000018       2.78557703E-23
 -0.903999984       2.78553033E-23
 -0.902000010       7.36540621E-23
 -0.899999976       7.36528378E-23
 -0.898000002       1.92606057E-22
 -0.896000028       1.92602813E-22
 -0.893999994       4.98148319E-22
 -0.892000020       4.98139938E-22
 -0.889999986       1.27434272E-21
 -0.888000011       1.27432141E-21
 -0.885999978       3.22459842E-21
 -0.884000003       3.22454511E-21
 -0.881999969       8.07141031E-21
 -0.879999995       8.07127783E-21
 -0.878000021       1.99861699E-20
 -0.875999987       1.99858420E-20
 -0.874000013       4.89595829E-20
 -0.871999979       4.89587880E-20
 -0.870000005       1.18657469E-19
 -0.868000031       1.18655556E-19
 -0.865999997       2.84526375E-19
 -0.863999963       2.84521851E-19
 -0.861999989       6.75057031E-19
 -0.860000014       6.75046381E-19
 -0.857999980       1.58477972E-18
 -0.856000006       1.58475480E-18
 -0.853999972       3.68152283E-18
 -0.851999998       3.68146534E-18
 -0.850000024       8.46321655E-18
 -0.847999990       8.46308668E-18
 -0.845999956       1.92535932E-17
 -0.843999982       1.92533037E-17
 -0.842000008       4.33485985E-17
 -0.839999974       4.33479533E-17
 -0.838000000       9.65924874E-17
 -0.835999966       9.65910713E-17
 -0.833999991       2.13026960E-16
 -0.832000017       2.13023903E-16
 -0.829999983       4.65014259E-16
 -0.828000009       4.65007641E-16
 -0.825999975       1.00474445E-15
 -0.824000001       1.00473037E-15
 -0.822000027       2.14891602E-15
 -0.819999993       2.14888659E-15
 -0.817999959       4.54961132E-15
 -0.815999985       4.54954991E-15
 -0.814000010       9.53534550E-15
 -0.811999977       9.53521845E-15
 -0.810000002       1.97843484E-14
 -0.807999969       1.97840859E-14
 -0.805999994       4.06392652E-14
 -0.804000020       4.06387299E-14
 -0.801999986       8.26464209E-14
 -0.800000012       8.26453367E-14
 -0.797999978       1.66406900E-13
 -0.796000004       1.66404745E-13
 -0.793999970       3.31743530E-13
 -0.791999996       3.31739302E-13
 -0.789999962       6.54835073E-13
 -0.787999988       6.54826779E-13
 -0.786000013       1.27989351E-12
 -0.783999979       1.27987768E-12
 -0.782000005       2.47709232E-12
 -0.779999971       2.47706196E-12
 -0.777999997       4.74734271E-12
 -0.776000023       4.74728503E-12
 -0.773999989       9.00974174E-12
 -0.771999955       9.00963505E-12
 -0.769999981       1.69332603E-11
 -0.768000007       1.69330661E-11
 -0.765999973       3.15172471E-11
 -0.763999999       3.15168898E-11
 -0.761999965       5.80962292E-11
 -0.759999990       5.80955839E-11
 -0.758000016       1.06060070E-10
 -0.755999982       1.06058926E-10
 -0.754000008       1.91766325E-10
 -0.751999974       1.91764313E-10
 -0.750000000       3.43416490E-10
 -0.748000026       3.43412937E-10
 -0.745999992       6.09129913E-10
 -0.743999958       6.09123751E-10
 -0.741999984       1.07016340E-09
 -0.740000010       1.07015286E-09
 -0.737999976       1.86231397E-09
 -0.736000001       1.86229587E-09
 -0.733999968       3.21017923E-09
 -0.731999993       3.21014837E-09
 -0.730000019       5.48138024E-09
 -0.727999985       5.48132872E-09
 -0.725999951       9.27140142E-09
 -0.723999977       9.27131616E-09
 -0.722000003       1.55348125E-08
 -0.720000029       1.55346704E-08
 -0.717999995       2.57858677E-08
 -0.715999961       2.57856421E-08
 -0.713999987       4.24016378E-08
 -0.712000012       4.24012789E-08
 -0.709999979       6.90745878E-08
 -0.707999945       6.90740265E-08
 -0.705999970       1.11480347E-07
 -0.703999996       1.11479451E-07
 -0.702000022       1.78250943E-07
 -0.699999988       1.78249564E-07
 -0.697999954       2.82376192E-07
 -0.695999980       2.82374089E-07
 -0.694000006       4.43196086E-07
 -0.691999972       4.43192874E-07
 -0.689999998       6.89198032E-07
 -0.687999964       6.89193257E-07
 -0.685999990       1.06189361E-06
 -0.684000015       1.06188668E-06
 -0.681999981       1.62112053E-06
 -0.679999948       1.62111041E-06
 -0.677999973       2.45219599E-06
 -0.675999999       2.45218143E-06
 -0.674000025       3.67543475E-06
 -0.671999991       3.67541406E-06
 -0.669999957       5.45863440E-06
 -0.667999983       5.45860530E-06
 -0.666000009       8.03320927E-06
 -0.663999975       8.03316834E-06
 -0.661999941       1.17147192E-05
 -0.659999967       1.17146628E-05
 -0.657999992       1.69285759E-05
 -0.656000018       1.69285013E-05
 -0.653999984       2.42416882E-05
 -0.651999950       2.42415845E-05
 -0.649999976       3.44007167E-05
 -0.648000002       3.44005748E-05
 -0.646000028       4.83774566E-05
 -0.643999994       4.83772674E-05
 -0.641999960       6.74215262E-05
 -0.639999986       6.74212715E-05
 -0.638000011       9.31202230E-05
 -0.635999978       9.31198811E-05
 -0.633999944       1.27464737E-04
 -0.631999969       1.27464271E-04
 -0.629999995       1.72921267E-04
 -0.628000021       1.72920656E-04
 -0.625999987       2.32505059E-04
 -0.623999953       2.32504273E-04
 -0.621999979       3.09854018E-04
 -0.620000005       3.09853029E-04
 -0.617999971       4.09298111E-04
 -0.615999997       4.09296830E-04
 -0.613999963       5.35919913E-04
 -0.611999989       5.35918400E-04
 -0.610000014       6.95601571E-04
 -0.607999980       6.95599650E-04
 -0.605999947       8.95051286E-04
 -0.603999972       8.95048957E-04
 -0.601999998       1.14180590E-03
 -0.600000024       1.14180311E-03
 -0.597999990       1.44420331E-03
 -0.595999956       1.44420005E-03
 -0.593999982       1.81132264E-03
 -0.592000008       1.81131868E-03
 -0.589999974       2.25288793E-03
 -0.587999940       2.25288328E-03
 -0.585999966       2.77913874E-03
 -0.583999991       2.77913315E-03
 -0.582000017       3.40066804E-03
 -0.579999983       3.40066198E-03
 -0.577999949       4.12823306E-03
 -0.575999975       4.12822561E-03
 -0.574000001       4.97254450E-03
 -0.571999967       4.97253565E-03
 -0.569999993       5.94404759E-03
 -0.567999959       5.94403781E-03
 -0.565999985       7.05270050E-03
 -0.564000010       7.05268886E-03
 -0.561999977       8.30776058E-03
 -0.559999943       8.30774754E-03
 -0.557999969       9.71759111E-03
 -0.555999994       9.71757714E-03
 -0.554000020       1.12894988E-02
 -0.551999986       1.12894839E-02
 -0.549999952       1.30296014E-02
 -0.547999978       1.30295865E-02
 -0.546000004       1.49427336E-02
 -0.543999970       1.49427187E-02
 -0.541999936       1.70323979E-02
 -0.539999962       1.70323830E-02
 -0.537999988       1.93007514E-02
 -0.536000013       1.93007365E-02
 -0.533999979       2.17486396E-02
 -0.531999946       2.17486247E-02
 -0.529999971       2.43756399E-02
 -0.527999997       2.43756250E-02
 -0.525999963       2.71801651E-02
 -0.523999989       2.71801502E-02
 -0.521999955       3.01595610E-02
 -0.519999981       3.01595461E-02
 -0.518000007       3.33102308E-02
 -0.515999973       3.33102122E-02
 -0.513999939       3.66277657E-02
 -0.511999965       3.66277434E-02
 -0.509999990       4.01070751E-02
 -0.508000016       4.01070528E-02
 -0.505999982       4.37425263E-02
 -0.503999949       4.37425040E-02
 -0.501999974       4.75280583E-02
 -0.500000000       4.75280359E-02
 -0.497999966       5.14573120E-02
 -0.495999992       5.14572859E-02
 -0.493999958       5.55237271E-02
 -0.491999984       5.55237010E-02
 -0.489999950       5.97206354E-02
 -0.487999976       5.97206056E-02
 -0.486000001       6.40413389E-02
 -0.483999968       6.40413091E-02
 -0.481999993       6.84791952E-02
 -0.479999959       6.84791803E-02
 -0.477999985       7.30276778E-02
 -0.475999951       7.30276629E-02
 -0.473999977       7.76803941E-02
 -0.472000003       7.76803792E-02
 -0.469999969       8.24311376E-02
 -0.467999995       8.24311227E-02
 -0.465999961       8.72739330E-02
 -0.463999987       8.72739181E-02
 -0.461999953       9.22030210E-02
 -0.459999979       9.22030061E-02
 -0.457999945       9.72129032E-02
 -0.455999970       9.72128883E-02
 -0.453999996      0.102298334    
 -0.451999962      0.102298319    
 -0.449999988      0.107454322    
 -0.447999954      0.107454307    
 -0.445999980      0.112676144    
 -0.443999946      0.112676114    
 -0.441999972      0.117959298    
 -0.439999998      0.117959268    
 -0.437999964      0.123299569    
 -0.435999990      0.123299539    
 -0.433999956      0.128692940    
 -0.431999981      0.128692910    
 -0.429999948      0.134135634    
 -0.427999973      0.134135604    
 -0.425999999      0.139624119    
 -0.423999965      0.139624089    
 -0.421999991      0.145155013    
 -0.419999957      0.145154983    
 -0.417999983      0.150725156    
 -0.415999949      0.150725126    
 -0.413999975      0.156331584    
 -0.412000000      0.156331554    
 -0.409999967      0.161971465    
 -0.407999992      0.161971435    
 -0.405999959      0.167642131    
 -0.403999984      0.167642102    
 -0.401999950      0.173341036    
 -0.399999976      0.173341006    
 -0.397999942      0.179065838    
 -0.395999968      0.179065809    
 -0.393999994      0.184814215    
 -0.391999960      0.184814200    
 -0.389999986      0.190584064    
 -0.387999952      0.190584049    
 -0.385999978      0.196373284    
 -0.383999944      0.196373269    
 -0.381999969      0.202179909    
 -0.379999995      0.202179909    
 -0.377999961      0.208002046    
 -0.375999987      0.208002031    
 -0.373999953      0.213837862    
 -0.371999979      0.213837862    
 -0.369999945      0.219685614    
 -0.367999971      0.219685584    
 -0.365999997      0.225543544    
 -0.363999963      0.225543529    
 -0.361999989      0.231410027    
 -0.359999955      0.231409997    
 -0.357999980      0.237283409    
 -0.355999947      0.237283379    
 -0.353999972      0.243162066    
 -0.351999998      0.243162036    
 -0.349999964      0.249044463    
 -0.347999990      0.249044389    
 -0.345999956      0.254928976    
 -0.343999982      0.254928887    
 -0.341999948      0.260814041    
 -0.339999974      0.260813951    
 -0.337999940      0.266698062    
 -0.335999966      0.266697973    
 -0.333999991      0.272579432    
 -0.331999958      0.272579402    
 -0.329999983      0.278456569    
 -0.327999949      0.278456539    
 -0.325999975      0.284327835    
 -0.323999941      0.284327775    
 -0.321999967      0.290191531    
 -0.319999993      0.290191472    
 -0.317999959      0.296045929    
 -0.315999985      0.296045870    
 -0.313999951      0.301889211    
 -0.311999977      0.301889122    
 -0.309999943      0.307719529    
 -0.307999969      0.307719469    
 -0.305999994      0.313534975    
 -0.303999960      0.313534886    
 -0.301999986      0.319333494    
 -0.299999952      0.319333404    
 -0.297999978      0.325112969    
 -0.295999944      0.325112879    
 -0.293999970      0.330871165    
 -0.291999996      0.330871046    
 -0.289999962      0.336605728    
 -0.287999988      0.336605638    
 -0.285999954      0.342314154    
 -0.283999979      0.342314035    
 -0.281999946      0.347993791    
 -0.279999971      0.347993702    
 -0.277999938      0.353641868    
 -0.275999963      0.353641808    
 -0.273999989      0.359255373    
 -0.271999955      0.359255314    
 -0.269999981      0.364831150    
 -0.267999947      0.364831060    
 -0.265999973      0.370365739    
 -0.263999939      0.370365649    
 -0.261999965      0.375855505    
 -0.259999990      0.375855416    
 -0.257999957      0.381296635    
 -0.255999982      0.381296545    
 -0.253999949      0.386684924    
 -0.251999974      0.386684865    
 -0.249999940      0.392015994    
 -0.247999966      0.392015964    
 -0.245999992      0.397285134    
 -0.243999958      0.397285104    
 -0.241999984      0.402487367    
 -0.239999950      0.402487338    
 -0.237999976      0.407617271    
 -0.235999942      0.407617241    
 -0.233999968      0.412669241    
 -0.231999993      0.412669212    
 -0.229999959      0.417637289    
 -0.227999985      0.417637229    
 -0.225999951      0.422514975    
 -0.223999977      0.422514975    
 -0.221999943      0.427295715    
 -0.219999969      0.427295774    
 -0.217999935      0.431972504    
 -0.215999961      0.431972593    
 -0.213999987      0.436538100    
 -0.211999953      0.436538160    
 -0.209999979      0.440984935    
 -0.207999945      0.440984964    
 -0.205999970      0.445305228    
 -0.203999937      0.445305288    
 -0.201999962      0.449491143    
 -0.199999988      0.449491203    
 -0.197999954      0.453534752    
 -0.195999980      0.453534782    
 -0.193999946      0.457428038    
 -0.191999972      0.457428098    
 -0.189999938      0.461163312    
 -0.187999964      0.461163372    
 -0.185999990      0.464733064    
 -0.183999956      0.464733154    
 -0.181999981      0.468130261    
 -0.179999948      0.468130320    
 -0.177999973      0.471348464    
 -0.175999939      0.471348524    
 -0.173999965      0.474382013    
 -0.171999931      0.474382043    
 -0.169999957      0.477226257    
 -0.167999983      0.477226257    
 -0.165999949      0.479877651    
 -0.163999975      0.479877681    
 -0.161999941      0.482334137    
 -0.159999967      0.482334137    
 -0.157999933      0.484594941    
 -0.155999959      0.484594971    
 -0.153999984      0.486661136    
 -0.151999950      0.486661196    
 -0.149999976      0.488535404    
 -0.147999942      0.488535434    
 -0.145999968      0.490222156    
 -0.143999934      0.490222186    
 -0.141999960      0.491727531    
 -0.139999986      0.491727561    
 -0.137999952      0.493059367    
 -0.135999978      0.493059397    
 -0.133999944      0.494226933    
 -0.131999969      0.494226933    
 -0.129999936      0.495240778    
 -0.127999961      0.495240778    
 -0.125999987      0.496112496    
 -0.123999953      0.496112466    
 -0.121999979      0.496854395    
 -0.119999945      0.496854365    
 -0.117999971      0.497479200    
 -0.115999937      0.497479200    
 -0.113999963      0.497999787    
 -0.111999929      0.497999758    
 -0.109999955      0.498428792    
 -0.107999980      0.498428732    
 -0.105999947      0.498778343    
 -0.103999972      0.498778284    
 -0.101999938      0.499059945    
  -9.99999642E-02  0.499059886    
  -9.79999304E-02  0.499284208    
  -9.59999561E-02  0.499284148    
  -9.39999819E-02  0.499460757    
  -9.19999480E-02  0.499460638    
  -8.99999738E-02  0.499598026    
  -8.79999399E-02  0.499597967    
  -8.59999657E-02  0.499703556    
  -8.39999318E-02  0.499703467    
  -8.19999576E-02  0.499783665    
  -7.99999833E-02  0.499783605    
  -7.79999495E-02  0.499843776    
  -7.59999752E-02  0.499843717    
  -7.39999413E-02  0.499888271    
  -7.19999671E-02  0.499888241    
  -6.99999332E-02  0.499920875    
  -6.79999590E-02  0.499920845    
  -6.59999847E-02  0.499944419    
  -6.39999509E-02  0.499944419    
  -6.19999766E-02  0.499961227    
  -5.99999428E-02  0.499961227    
  -5.79999685E-02  0.499973059    
  -5.59999347E-02  0.499973059    
  -5.39999604E-02  0.499981284    
  -5.19999266E-02  0.499981284    
  -4.99999523E-02  0.499986917    
  -4.79999781E-02  0.499986917    
  -4.59999442E-02  0.499990672    
  -4.39999700E-02  0.499990672    
  -4.19999361E-02  0.499993175    
  -3.99999619E-02  0.499993175    
  -3.79999280E-02  0.499994785    
  -3.59999537E-02  0.499994785    
  -3.39999795E-02  0.499995828    
  -3.19999456E-02  0.499995828    
  -2.99999714E-02  0.499996394    
  -2.79999375E-02  0.499996394    
  -2.59999633E-02  0.499996722    
  -2.39999294E-02  0.499996722    
  -2.19999552E-02  0.499996841    
  -1.99999809E-02  0.499996841    
  -1.79999471E-02  0.499996871    
  -1.59999728E-02  0.499996871    
  -1.39999390E-02  0.499996901    
  -1.19999647E-02  0.499996901    
  -9.99993086E-03  0.499996930    
  -7.99995661E-03  0.499996930    
  -5.99998236E-03  0.499996960    
  -3.99994850E-03  0.499996960    
  -1.99997425E-03  0.499996990    
   0.00000000      0.499996990    
   2.00009346E-03  0.499997020    
   4.00006771E-03  0.499997020    
   6.00004196E-03  0.499997050    
   8.00001621E-03  0.499997050    
   9.99999046E-03  0.499997079    
   1.20000839E-02  0.499997079    
   1.40000582E-02  0.499997109    
   1.60000324E-02  0.499997109    
   1.80000067E-02  0.499997139    
   2.00001001E-02  0.499997139    
   2.20000744E-02  0.499997169    
   2.40000486E-02  0.499997169    
   2.60000229E-02  0.499997199    
   2.79999971E-02  0.499997199    
   3.00000906E-02  0.499997228    
   3.20000648E-02  0.499997228    
   3.40000391E-02  0.499997258    
   3.60000134E-02  0.499997258    
   3.80001068E-02  0.499997288    
   4.00000811E-02  0.499997288    
   4.20000553E-02  0.499997318    
   4.40000296E-02  0.499997318    
   4.60000038E-02  0.499997348    
   4.80000973E-02  0.499997348    
   5.00000715E-02  0.499997377    
   5.20000458E-02  0.499997377    
   5.40000200E-02  0.499997407    
   5.59999943E-02  0.499997407    
   5.80000877E-02  0.499997437    
   6.00000620E-02  0.499997437    
   6.20000362E-02  0.499997467    
   6.40000105E-02  0.499997467    
   6.60001040E-02  0.499997497    
   6.80000782E-02  0.499997497    
   7.00000525E-02  0.499997526    
   7.20000267E-02  0.499997526    
   7.40000010E-02  0.499997556    
   7.60000944E-02  0.499997556    
   7.80000687E-02  0.499997586    
   8.00000429E-02  0.499997586    
   8.20000172E-02  0.499997616    
   8.40001106E-02  0.499997616    
   8.60000849E-02  0.499997646    
   8.80000591E-02  0.499997646    
   9.00000334E-02  0.499997675    
   9.20000076E-02  0.499997675    
   9.40001011E-02  0.499997705    
   9.60000753E-02  0.499997705    
   9.80000496E-02  0.499997735    
  0.100000024      0.499997735    
  0.101999998      0.499997765    
  0.104000092      0.499997765    
  0.106000066      0.499997795    
  0.108000040      0.499997795    
  0.110000014      0.499997824    
  0.112000108      0.499997824    
  0.114000082      0.499997854    
  0.116000056      0.499997854    
  0.118000031      0.499997884    
  0.120000005      0.499997884    
  0.122000098      0.499997914    
  0.124000072      0.499997914    
  0.126000047      0.499997944    
  0.128000021      0.499997944    
  0.129999995      0.499997973    
  0.132000089      0.499997973    
  0.134000063      0.499998003    
  0.136000037      0.499998003    
  0.138000011      0.499998033    
  0.140000105      0.499998033    
  0.142000079      0.499998063    
  0.144000053      0.499998063    
  0.146000028      0.499998093    
  0.148000002      0.499998093    
  0.150000095      0.499998122    
  0.152000070      0.499998122    
  0.154000044      0.499998152    
  0.156000018      0.499998152    
  0.158000112      0.499998182    
  0.160000086      0.499998182    
  0.162000060      0.499998212    
  0.164000034      0.499998212    
  0.166000009      0.499998242    
  0.168000102      0.499998242    
  0.170000076      0.499998271    
  0.172000051      0.499998271    
  0.174000025      0.499998301    
  0.175999999      0.499998301    
  0.178000093      0.499998331    
  0.180000067      0.499998331    
  0.182000041      0.499998361    
  0.184000015      0.499998361    
  0.186000109      0.499998391    
  0.188000083      0.499998391    
  0.190000057      0.499998420    
  0.192000031      0.499998420    
  0.194000006      0.499998450    
  0.196000099      0.499998450    
  0.198000073      0.499998480    
  0.200000048      0.499998480    
  0.202000022      0.499998510    
  0.204000115      0.499998510    
  0.206000090      0.499998540    
  0.208000064      0.499998540    
  0.210000038      0.499998569    
  0.212000012      0.499998569    
  0.214000106      0.499998599    
  0.216000080      0.499998599    
  0.218000054      0.499998629    
  0.220000029      0.499998629    
  0.222000003      0.499998659    
  0.224000096      0.499998659    
  0.226000071      0.499998689    
  0.228000045      0.499998689    
  0.230000019      0.499998719    
  0.232000113      0.499998719    
  0.234000087      0.499998748    
  0.236000061      0.499998748    
  0.238000035      0.499998778    
  0.240000010      0.499998778    
  0.242000103      0.499998808    
  0.244000077      0.499998808    
  0.246000051      0.499998838    
  0.248000026      0.499998838    
  0.250000000      0.499998868    
  0.252000093      0.499998868    
  0.254000068      0.499998897    
  0.256000042      0.499998897    
  0.258000016      0.499998927    
  0.260000110      0.499998927    
  0.262000084      0.499998957    
  0.264000058      0.499998957    
  0.266000032      0.499998987    
  0.268000007      0.499998987    
  0.270000100      0.499999017    
  0.272000074      0.499999017    
  0.274000049      0.499999046    
  0.276000023      0.499999046    
  0.278000116      0.499999076    
  0.280000091      0.499999076    
  0.282000065      0.499999106    
  0.284000039      0.499999106    
  0.286000013      0.499999136    
  0.288000107      0.499999136    
  0.290000081      0.499999166    
  0.292000055      0.499999166    
  0.294000030      0.499999195    
  0.296000004      0.499999195    
  0.298000097      0.499999225    
  0.300000072      0.499999225    
  0.302000046      0.499999255    
  0.304000020      0.499999255    
  0.306000113      0.499999285    
  0.308000088      0.499999285    
  0.310000062      0.499999315    
  0.312000036      0.499999315    
  0.314000010      0.499999344    
  0.316000104      0.499999344    
  0.318000078      0.499999374    
  0.320000052      0.499999374    
  0.322000027      0.499999404    
  0.324000120      0.499999404    
  0.326000094      0.499999434    
  0.328000069      0.499999434    
  0.330000043      0.499999464    
  0.332000017      0.499999464    
  0.334000111      0.499999493    
  0.336000085      0.499999493    
  0.338000059      0.499999523    
  0.340000033      0.499999523    
  0.342000008      0.499999553    
  0.344000101      0.499999553    
  0.346000075      0.499999583    
  0.348000050      0.499999583    
  0.350000024      0.499999613    
  0.352000117      0.499999613    
  0.354000092      0.499999642    
  0.356000066      0.499999642    
  0.358000040      0.499999672    
  0.360000014      0.499999672    
  0.362000108      0.499999702    
  0.364000082      0.499999702    
  0.366000056      0.499999732    
  0.368000031      0.499999732    
  0.370000124      0.499999762    
  0.372000098      0.499999762    
  0.374000072      0.499999791    
  0.376000047      0.499999791    
  0.378000021      0.499999821    
  0.380000114      0.499999821    
  0.382000089      0.499999851    
  0.384000063      0.499999851    
  0.386000037      0.499999881    
  0.388000011      0.499999881    
  0.390000105      0.499999911    
  0.392000079      0.499999911    
  0.394000053      0.499999940    
  0.396000028      0.499999940    
  0.398000121      0.499999970    
  0.400000095      0.499999970    
  0.402000070      0.500000000    
  0.404000044      0.500000000    
  0.406000018      0.500000000    
  0.408000112      0.500000000    
  0.410000086      0.500000000    
  0.412000060      0.500000000    
  0.414000034      0.500000000    
  0.416000009      0.500000000    
  0.418000102      0.500000000    
  0.420000076      0.500000000    
  0.422000051      0.500000000    
  0.424000025      0.500000000    
  0.426000118      0.500000000    
  0.428000093      0.500000000    
  0.430000067      0.500000000    
  0.432000041      0.500000000    
  0.434000015      0.500000000    
  0.436000109      0.500000000    
  0.438000083      0.500000000    
  0.440000057      0.500000000    
  0.442000031      0.500000000    
  0.444000125      0.500000000    
  0.446000099      0.500000000    
  0.448000073      0.500000000    
  0.450000048      0.500000000    
  0.452000022      0.500000000    
  0.454000115      0.500000000    
  0.456000090      0.500000000    
  0.458000064      0.500000000    
  0.460000038      0.499999940    
  0.462000012      0.499999940    
  0.464000106      0.499999881    
  0.466000080      0.499999881    
  0.468000054      0.499999821    
  0.470000029      0.499999821    
  0.472000122      0.499999762    
  0.474000096      0.499999762    
  0.476000071      0.499999702    
  0.478000045      0.499999702    
  0.480000019      0.499999642    
  0.482000113      0.499999642    
  0.484000087      0.499999583    
  0.486000061      0.499999583    
  0.488000035      0.499999523    
  0.490000129      0.499999523    
  0.492000103      0.499999464    
  0.494000077      0.499999464    
  0.496000051      0.499999404    
  0.498000026      0.499999404    
  0.500000119      0.499999344    
  0.502000093      0.499999344    
  0.504000068      0.499999285    
  0.506000042      0.499999285    
  0.508000016      0.499999225    
  0.510000110      0.499999225    
  0.512000084      0.499999166    
  0.514000058      0.499999166    
  0.516000032      0.499999106    
  0.518000126      0.499999106    
  0.520000100      0.499999046    
  0.522000074      0.499999046    
  0.524000049      0.499998987    
  0.526000023      0.499998987    
  0.528000116      0.499998927    
  0.530000091      0.499998927    
  0.532000065      0.499998868    
  0.534000039      0.499998868    
  0.536000013      0.499998808    
  0.538000107      0.499998808    
  0.540000081      0.499998748    
  0.542000055      0.499998748    
  0.544000030      0.499998689    
  0.546000123      0.499998689    
  0.548000097      0.499998629    
  0.550000072      0.499998629    
  0.552000046      0.499998569    
  0.554000020      0.499998569    
  0.556000113      0.499998510    
  0.558000088      0.499998510    
  0.560000062      0.499998450    
  0.562000036      0.499998450    
  0.564000130      0.499998391    
  0.566000104      0.499998391    
  0.568000078      0.499998271    
  0.570000052      0.499998271    
  0.572000027      0.499997944    
  0.574000120      0.499997944    
  0.576000094      0.499997199    
  0.578000069      0.499997199    
  0.580000043      0.499995649    
  0.582000017      0.499995649    
  0.584000111      0.499992400    
  0.586000085      0.499992400    
  0.588000059      0.499985725    
  0.590000033      0.499985725    
  0.592000127      0.499972075    
  0.594000101      0.499972075    
  0.596000075      0.499944359    
  0.598000050      0.499944359    
  0.600000024      0.499888033    
  0.602000117      0.499888062    
  0.604000092      0.499773800    
  0.606000066      0.499773860    
  0.608000040      0.499542207    
  0.610000134      0.499542236    
  0.612000108      0.499073148    
  0.614000082      0.499073237    
  0.616000056      0.498124987    
  0.618000031      0.498125136    
  0.620000124      0.496214777    
  0.622000098      0.496214896    
  0.624000072      0.492391258    
  0.626000047      0.492391407    
  0.628000021      0.484835982    
  0.630000114      0.484836191    
  0.632000089      0.470275551    
  0.634000063      0.470275879    
  0.636000037      0.443504274    
  0.638000131      0.443504751    
  0.640000105      0.398209274    
  0.642000079      0.398210019    
  0.644000053      0.331122696    
  0.646000028      0.331123650    
  0.648000121      0.248554468    
  0.650000095      0.248555511    
  0.652000070      0.166768551    
  0.654000044      0.166769490    
  0.656000137      0.101229787    
  0.658000112      0.101230480    
  0.660000086       5.70544042E-02
  0.662000060       5.70548438E-02
  0.664000034       3.06651555E-02
  0.666000128       3.06654051E-02
  0.668000102       1.60337817E-02
  0.670000076       1.60339139E-02
  0.672000051       8.25808942E-03
  0.674000025       8.25815927E-03
  0.676000118       4.21931036E-03
  0.678000093       4.21934621E-03
  0.680000067       2.14664079E-03
  0.682000041       2.14665895E-03
  0.684000134       1.08962413E-03
  0.686000109       1.08963368E-03
  0.688000083       5.52348443E-04
  0.690000057       5.52353333E-04
  0.692000031       2.79746891E-04
  0.694000125       2.79749394E-04
  0.696000099       1.41583412E-04
  0.698000073       1.41584707E-04
  0.700000048       7.16094655E-05
  0.702000022       7.16101349E-05
  0.704000115       3.61925850E-05
  0.706000090       3.61929269E-05
  0.708000064       1.82775439E-05
  0.710000038       1.82777148E-05
  0.712000132       9.22163690E-06
  0.714000106       9.22172330E-06
  0.716000080       4.64752020E-06
  0.718000054       4.64756431E-06
  0.720000029       2.33926266E-06
  0.722000122       2.33928495E-06
  0.724000096       1.17569209E-06
  0.726000071       1.17570335E-06
  0.728000045       5.89888145E-07
  0.730000138       5.89893943E-07
  0.732000113       2.95395978E-07
  0.734000087       2.95398877E-07
  0.736000061       1.47600915E-07
  0.738000035       1.47602364E-07
  0.740000129       7.35712717E-08
  0.742000103       7.35719965E-08
  0.744000077       3.65714783E-08
  0.746000051       3.65718407E-08
  0.748000026       1.81245969E-08
  0.750000119       1.81247763E-08
  0.752000093       8.95281094E-09
  0.754000068       8.95289887E-09
  0.756000042       4.40643655E-09
  0.758000135       4.40648051E-09
  0.760000110       2.16034768E-09
  0.762000084       2.16036899E-09
  0.764000058       1.05472364E-09
  0.766000032       1.05473408E-09
  0.768000126       5.12630438E-10
  0.770000100       5.12635490E-10
  0.772000074       2.47967147E-10
  0.774000049       2.47969589E-10
  0.776000142       1.19339358E-10
  0.778000116       1.19340524E-10
  0.780000091       5.71283194E-11
  0.782000065       5.71288780E-11
  0.784000039       2.71943787E-11
  0.786000133       2.71946441E-11
  0.788000107       1.28692178E-11
  0.790000081       1.28693436E-11
  0.792000055       6.05284833E-12
  0.794000030       6.05290731E-12
  0.796000123       2.82875503E-12
  0.798000097       2.82878300E-12
  0.800000072       1.31327696E-12
  0.802000046       1.31329019E-12
  0.804000139       6.05542309E-13
  0.806000113       6.05548326E-13
  0.808000088       2.77246216E-13
  0.810000062       2.77249008E-13
  0.812000036       1.26017184E-13
  0.814000130       1.26018445E-13
  0.816000104       5.68526685E-14
  0.818000078       5.68532444E-14
  0.820000052       2.54534536E-14
  0.822000146       2.54537178E-14
  0.824000120       1.13067802E-14
  0.826000094       1.13069005E-14
  0.828000069       4.98256162E-15
  0.830000043       4.98261456E-15
  0.832000136       2.17779116E-15
  0.834000111       2.17781446E-15
  0.836000085       9.43976503E-16
  0.838000059       9.43986668E-16
  0.840000033       4.05715891E-16
  0.842000127       4.05720364E-16
  0.844000101       1.72876539E-16
  0.846000075       1.72878445E-16
  0.848000050       7.30202090E-17
  0.850000143       7.30210163E-17
  0.852000117       3.05692801E-17
  0.854000092       3.05696242E-17
  0.856000066       1.26825615E-17
  0.858000040       1.26827070E-17
  0.860000134       5.21380460E-18
  0.862000108       5.21386540E-18
  0.864000082       2.12362017E-18
  0.866000056       2.12364477E-18
  0.868000031       8.56886116E-19
  0.870000124       8.56896145E-19
  0.872000098       3.42487825E-19
  0.874000072       3.42491910E-19
  0.876000047       1.35580072E-19
  0.878000140       1.35581727E-19
  0.880000114       5.31532109E-20
  0.882000089       5.31538636E-20
  0.884000063       2.06348508E-20
  0.886000037       2.06351109E-20
  0.888000131       7.93172827E-21
  0.890000105       7.93182843E-21
  0.892000079       3.01846485E-21
  0.894000053       3.01850383E-21
  0.896000147       1.13714140E-21
  0.898000121       1.13715615E-21
  0.900000095       4.24044670E-22
  0.902000070       4.24050223E-22
  0.904000044       1.56508161E-22
  0.906000137       1.56510231E-22
  0.908000112       5.71676833E-23
  0.910000086       5.71684469E-23
  0.912000060       2.06639274E-23
  0.914000034       2.06642019E-23
  0.916000128       7.39068242E-24
  0.918000102       7.39078260E-24
  0.920000076       2.61533186E-24
  0.922000051       2.61536736E-24
  0.924000144       9.15589832E-25
  0.926000118       9.15602256E-25
  0.928000093       3.17079781E-25
  0.930000067       3.17084194E-25
  0.932000041       1.08615374E-25
  0.934000134       1.08616902E-25
  0.936000109       3.67985555E-26
  0.938000083       3.67990793E-26
  0.940000057       1.23295947E-26
  0.942000151       1.23297719E-26
  0.944000125       4.08514085E-27
  0.946000099       4.08519940E-27
  0.948000073       1.33834172E-27
  0.950000048       1.33836088E-27
  0.952000141       4.33500975E-28
  0.954000115       4.33507282E-28
  0.956000090       1.38815373E-28
  0.958000064       1.38817395E-28
  0.960000038       4.39410426E-29
  0.962000132       4.39416836E-29
  0.964000106       1.37483051E-29
  0.966000080       1.37485097E-29
  0.968000054       4.25142490E-30
  0.970000148       4.25148885E-30
  0.972000122       1.29923084E-30
  0.974000096       1.29925021E-30
  0.976000071       3.92341458E-31
  0.978000045       3.92347430E-31
  0.980000138       1.17065155E-31
  0.982000113       1.17067177E-31
  0.984000087       3.45095137E-32
  0.986000061       3.45110095E-32
  0.988000035       1.00508088E-32
  0.990000129       1.00544954E-32
  0.992000103       2.89562719E-33
  0.994000077       2.90836643E-33
  0.996000051       8.38852422E-34
  0.998000145       8.83875233E-34
