  -1.00000000       2.58745292E-25
 -0.998000026       3.04884460E-25
 -0.995999992       1.68176233E-25
 -0.994000018       2.79198409E-25
 -0.991999984       2.24660240E-25
 -0.990000010       4.89676236E-25
 -0.987999976       4.68073971E-25
 -0.986000001       1.09562248E-24
 -0.984000027       1.08711462E-24
 -0.981999993       2.56126728E-24
 -0.980000019       2.55790633E-24
 -0.977999985       5.99323268E-24
 -0.976000011       5.99183245E-24
 -0.973999977       1.39339136E-23
 -0.972000003       1.39331453E-23
 -0.970000029       3.21490859E-23
 -0.967999995       3.21482718E-23
 -0.966000021       7.35988166E-23
 -0.963999987       7.35973335E-23
 -0.962000012       1.67176728E-22
 -0.959999979       1.67173510E-22
 -0.958000004       3.76783293E-22
 -0.955999970       3.76776175E-22
 -0.953999996       8.42613004E-22
 -0.952000022       8.42597302E-22
 -0.949999988       1.86980118E-21
 -0.948000014       1.86976665E-21
 -0.945999980       4.11721355E-21
 -0.944000006       4.11713802E-21
 -0.941999972       8.99625640E-21
 -0.939999998       8.99609322E-21
 -0.938000023       1.95065506E-20
 -0.935999990       1.95062016E-20
 -0.934000015       4.19728859E-20
 -0.931999981       4.19721492E-20
 -0.930000007       8.96264928E-20
 -0.927999973       8.96249289E-20
 -0.925999999       1.89929470E-19
 -0.924000025       1.89926175E-19
 -0.921999991       3.99434764E-19
 -0.920000017       3.99427940E-19
 -0.917999983       8.33692592E-19
 -0.916000009       8.33678478E-19
 -0.913999975       1.72695687E-18
 -0.912000000       1.72692792E-18
 -0.909999967       3.55043207E-18
 -0.907999992       3.55037334E-18
 -0.906000018       7.24458760E-18
 -0.903999984       7.24446931E-18
 -0.902000010       1.46719391E-17
 -0.899999976       1.46717009E-17
 -0.898000002       2.94924564E-17
 -0.896000028       2.94919865E-17
 -0.893999994       5.88426774E-17
 -0.892000020       5.88417377E-17
 -0.889999986       1.16530584E-16
 -0.888000011       1.16528745E-16
 -0.885999978       2.29066482E-16
 -0.884000003       2.29062882E-16
 -0.881999969       4.46956363E-16
 -0.879999995       4.46949375E-16
 -0.878000021       8.65682178E-16
 -0.875999987       8.65668731E-16
 -0.874000013       1.66436754E-15
 -0.871999979       1.66434203E-15
 -0.870000005       3.17647181E-15
 -0.868000031       3.17642353E-15
 -0.865999997       6.01801493E-15
 -0.863999963       6.01792430E-15
 -0.861999989       1.13183024E-14
 -0.860000014       1.13181330E-14
 -0.857999980       2.11317932E-14
 -0.856000006       2.11314798E-14
 -0.853999972       3.91674743E-14
 -0.851999998       3.91668983E-14
 -0.850000024       7.20702252E-14
 -0.847999990       7.20691817E-14
 -0.845999956       1.31654073E-13
 -0.843999982       1.31652176E-13
 -0.842000008       2.38763273E-13
 -0.839999974       2.38759885E-13
 -0.838000000       4.29894998E-13
 -0.835999966       4.29888899E-13
 -0.833999991       7.68467321E-13
 -0.832000017       7.68456479E-13
 -0.829999983       1.36383905E-12
 -0.828000009       1.36381997E-12
 -0.825999975       2.40315580E-12
 -0.824000001       2.40312284E-12
 -0.822000027       4.20424676E-12
 -0.819999993       4.20418908E-12
 -0.817999959       7.30277644E-12
 -0.815999985       7.30267756E-12
 -0.814000010       1.25946944E-11
 -0.811999977       1.25945244E-11
 -0.810000002       2.15671595E-11
 -0.807999969       2.15668750E-11
 -0.805999994       3.66699206E-11
 -0.804000020       3.66694453E-11
 -0.801999986       6.19076734E-11
 -0.800000012       6.19068963E-11
 -0.797999978       1.03777292E-10
 -0.796000004       1.03776016E-10
 -0.793999970       1.72738462E-10
 -0.791999996       1.72736409E-10
 -0.789999962       2.85502760E-10
 -0.787999988       2.85499457E-10
 -0.786000013       4.68566852E-10
 -0.783999979       4.68561578E-10
 -0.782000005       7.63621499E-10
 -0.779999971       7.63613284E-10
 -0.777999997       1.23576371E-09
 -0.776000023       1.23575083E-09
 -0.773999989       1.98586014E-09
 -0.771999955       1.98583994E-09
 -0.769999981       3.16900506E-09
 -0.768000007       3.16897331E-09
 -0.765999973       5.02184383E-09
 -0.763999999       5.02179542E-09
 -0.761999965       7.90268295E-09
 -0.759999990       7.90261012E-09
 -0.758000016       1.23498545E-08
 -0.755999982       1.23497443E-08
 -0.754000008       1.91659275E-08
 -0.751999974       1.91657623E-08
 -0.750000000       2.95381550E-08
 -0.748000026       2.95379063E-08
 -0.745999992       4.52092195E-08
 -0.743999958       4.52088500E-08
 -0.741999984       6.87171777E-08
 -0.740000010       6.87166306E-08
 -0.737999976       1.03729619E-07
 -0.736000001       1.03728823E-07
 -0.733999968       1.55504821E-07
 -0.731999993       1.55503670E-07
 -0.730000019       2.31522321E-07
 -0.727999985       2.31520659E-07
 -0.725999951       3.42337188E-07
 -0.723999977       3.42334829E-07
 -0.722000003       5.02726380E-07
 -0.720000029       5.02723026E-07
 -0.717999995       7.33212403E-07
 -0.715999961       7.33207685E-07
 -0.713999987       1.06206846E-06
 -0.712000012       1.06206198E-06
 -0.709999979       1.52793154E-06
 -0.707999945       1.52792245E-06
 -0.705999970       2.18317155E-06
 -0.703999996       2.18315927E-06
 -0.702000022       3.09819256E-06
 -0.699999988       3.09817619E-06
 -0.697999954       4.36686196E-06
 -0.695999980       4.36683968E-06
 -0.694000006       6.11328869E-06
 -0.691999972       6.11325959E-06
 -0.689999998       8.50019114E-06
 -0.687999964       8.50015203E-06
 -0.685999990       1.17390991E-05
 -0.684000015       1.17390464E-05
 -0.681999981       1.61026437E-05
 -0.679999948       1.61025728E-05
 -0.677999973       2.19391604E-05
 -0.675999999       2.19390695E-05
 -0.674000025       2.96898215E-05
 -0.671999991       2.96897015E-05
 -0.669999957       3.99084129E-05
 -0.667999983       3.99082564E-05
 -0.666000009       5.32838312E-05
 -0.663999975       5.32836348E-05
 -0.661999941       7.06652208E-05
 -0.659999967       7.06649735E-05
 -0.657999992       9.30895767E-05
 -0.656000018       9.30892493E-05
 -0.653999984       1.21811310E-04
 -0.651999950       1.21810896E-04
 -0.649999976       1.58333380E-04
 -0.648000002       1.58332870E-04
 -0.646000028       2.04438897E-04
 -0.643999994       2.04438271E-04
 -0.641999960       2.62222369E-04
 -0.639999986       2.62221613E-04
 -0.638000011       3.34119133E-04
 -0.635999978       3.34118231E-04
 -0.633999944       4.22931509E-04
 -0.631999969       4.22930403E-04
 -0.629999995       5.31849975E-04
 -0.628000021       5.31848520E-04
 -0.625999987       6.64467574E-04
 -0.623999953       6.64465828E-04
 -0.621999979       8.24786315E-04
 -0.620000005       8.24784336E-04
 -0.617999971       1.01721298E-03
 -0.615999997       1.01721054E-03
 -0.613999963       1.24654360E-03
 -0.611999989       1.24654069E-03
 -0.610000014       1.51793577E-03
 -0.607999980       1.51793240E-03
 -0.605999947       1.83686765E-03
 -0.603999972       1.83686358E-03
 -0.601999998       2.20908411E-03
 -0.600000024       2.20907945E-03
 -0.597999990       2.64053163E-03
 -0.595999956       2.64052628E-03
 -0.593999982       3.13728000E-03
 -0.592000008       3.13727371E-03
 -0.589999974       3.70543869E-03
 -0.587999940       3.70543147E-03
 -0.585999966       4.35106456E-03
 -0.583999991       4.35105665E-03
 -0.582000017       5.08006755E-03
 -0.579999983       5.08005871E-03
 -0.577999949       5.89811523E-03
 -0.575999975       5.89810545E-03
 -0.574000001       6.81054359E-03
 -0.571999967       6.81053335E-03
 -0.569999993       7.82227237E-03
 -0.567999959       7.82226119E-03
 -0.565999985       8.93772952E-03
 -0.564000010       8.93771835E-03
 -0.561999977       1.01607917E-02
 -0.559999943       1.01607786E-02
 -0.557999969       1.14947278E-02
 -0.555999994       1.14947148E-02
 -0.554000020       1.29421744E-02
 -0.551999986       1.29421605E-02
 -0.549999952       1.45051097E-02
 -0.547999978       1.45050939E-02
 -0.546000004       1.61848515E-02
 -0.543999970       1.61848348E-02
 -0.541999936       1.79820694E-02
 -0.539999962       1.79820508E-02
 -0.537999988       1.98967997E-02
 -0.536000013       1.98967792E-02
 -0.533999979       2.19284873E-02
 -0.531999946       2.19284687E-02
 -0.529999971       2.40760222E-02
 -0.527999997       2.40760017E-02
 -0.525999963       2.63377856E-02
 -0.523999989       2.63377652E-02
 -0.521999955       2.87117139E-02
 -0.519999981       2.87116934E-02
 -0.518000007       3.11953370E-02
 -0.515999973       3.11953183E-02
 -0.513999939       3.37858573E-02
 -0.511999965       3.37858386E-02
 -0.509999990       3.64801809E-02
 -0.508000016       3.64801623E-02
 -0.505999982       3.92749980E-02
 -0.503999949       3.92749794E-02
 -0.501999974       4.21668105E-02
 -0.500000000       4.21667881E-02
 -0.497999966       4.51519974E-02
 -0.495999992       4.51519750E-02
 -0.493999958       4.82268482E-02
 -0.491999984       4.82268222E-02
 -0.489999950       5.13876081E-02
 -0.487999976       5.13875820E-02
 -0.486000001       5.46305105E-02
 -0.483999968       5.46304844E-02
 -0.481999993       5.79518154E-02
 -0.479999959       5.79517856E-02
 -0.477999985       6.13478124E-02
 -0.475999951       6.13477826E-02
 -0.473999977       6.48148656E-02
 -0.472000003       6.48148358E-02
 -0.469999969       6.83494210E-02
 -0.467999995       6.83493987E-02
 -0.465999961       7.19480291E-02
 -0.463999987       7.19479993E-02
 -0.461999953       7.56073445E-02
 -0.459999979       7.56073073E-02
 -0.457999945       7.93241337E-02
 -0.455999970       7.93240890E-02
 -0.453999996       8.30952972E-02
 -0.451999962       8.30952525E-02
 -0.449999988       8.69178623E-02
 -0.447999954       8.69178176E-02
 -0.445999980       9.07889605E-02
 -0.443999946       9.07889158E-02
 -0.441999972       9.47058722E-02
 -0.439999998       9.47058350E-02
 -0.437999964       9.86660048E-02
 -0.435999990       9.86659750E-02
 -0.433999956      0.102666892    
 -0.431999981      0.102666877    
 -0.429999948      0.106706195    
 -0.427999973      0.106706180    
 -0.425999999      0.110781670    
 -0.423999965      0.110781662    
 -0.421999991      0.114891216    
 -0.419999957      0.114891216    
 -0.417999983      0.119032815    
 -0.415999949      0.119032823    
 -0.413999975      0.123204574    
 -0.412000000      0.123204589    
 -0.409999967      0.127404705    
 -0.407999992      0.127404720    
 -0.405999959      0.131631479    
 -0.403999984      0.131631494    
 -0.401999950      0.135883316    
 -0.399999976      0.135883316    
 -0.397999942      0.140158668    
 -0.395999968      0.140158668    
 -0.393999994      0.144456059    
 -0.391999960      0.144456059    
 -0.389999986      0.148774162    
 -0.387999952      0.148774162    
 -0.385999978      0.153111666    
 -0.383999944      0.153111652    
 -0.381999969      0.157467335    
 -0.379999995      0.157467321    
 -0.377999961      0.161839992    
 -0.375999987      0.161839977    
 -0.373999953      0.166228533    
 -0.371999979      0.166228503    
 -0.369999945      0.170631886    
 -0.367999971      0.170631856    
 -0.365999997      0.175049037    
 -0.363999963      0.175049007    
 -0.361999989      0.179479033    
 -0.359999955      0.179479003    
 -0.357999980      0.183920979    
 -0.355999947      0.183920950    
 -0.353999972      0.188373938    
 -0.351999998      0.188373908    
 -0.349999964      0.192837119    
 -0.347999990      0.192837089    
 -0.345999956      0.197309688    
 -0.343999982      0.197309658    
 -0.341999948      0.201790869    
 -0.339999974      0.201790839    
 -0.337999940      0.206279919    
 -0.335999966      0.206279889    
 -0.333999991      0.210776120    
 -0.331999958      0.210776091    
 -0.329999983      0.215278730    
 -0.327999949      0.215278700    
 -0.325999975      0.219787091    
 -0.323999941      0.219787061    
 -0.321999967      0.224300519    
 -0.319999993      0.224300504    
 -0.317999959      0.228818387    
 -0.315999985      0.228818387    
 -0.313999951      0.233340070    
 -0.311999977      0.233340055    
 -0.309999943      0.237864926    
 -0.307999969      0.237864897    
 -0.305999994      0.242392316    
 -0.303999960      0.242392287    
 -0.301999986      0.246921644    
 -0.299999952      0.246921614    
 -0.297999978      0.251452297    
 -0.295999944      0.251452267    
 -0.293999970      0.255983710    
 -0.291999996      0.255983651    
 -0.289999962      0.260515213    
 -0.287999988      0.260515153    
 -0.285999954      0.265046239    
 -0.283999979      0.265046179    
 -0.281999946      0.269576132    
 -0.279999971      0.269576073    
 -0.277999938      0.274104327    
 -0.275999963      0.274104267    
 -0.273999989      0.278630167    
 -0.271999955      0.278630108    
 -0.269999981      0.283153057    
 -0.267999947      0.283152997    
 -0.265999973      0.287672281    
 -0.263999939      0.287672251    
 -0.261999965      0.292187244    
 -0.259999990      0.292187214    
 -0.257999957      0.296697199    
 -0.255999982      0.296697170    
 -0.253999949      0.301201463    
 -0.251999974      0.301201463    
 -0.249999940      0.305699319    
 -0.247999966      0.305699289    
 -0.245999992      0.310189992    
 -0.243999958      0.310189933    
 -0.241999984      0.314672709    
 -0.239999950      0.314672649    
 -0.237999976      0.319146663    
 -0.235999942      0.319146574    
 -0.233999968      0.323610991    
 -0.231999993      0.323610872    
 -0.229999959      0.328064799    
 -0.227999985      0.328064680    
 -0.225999951      0.332507163    
 -0.223999977      0.332507044    
 -0.221999943      0.336937070    
 -0.219999969      0.336936980    
 -0.217999935      0.341353536    
 -0.215999961      0.341353446    
 -0.213999987      0.345755458    
 -0.211999953      0.345755339    
 -0.209999979      0.350141674    
 -0.207999945      0.350141555    
 -0.205999970      0.354511023    
 -0.203999937      0.354510903    
 -0.201999962      0.358862162    
 -0.199999988      0.358862042    
 -0.197999954      0.363193750    
 -0.195999980      0.363193661    
 -0.193999946      0.367504388    
 -0.191999972      0.367504328    
 -0.189999938      0.371792525    
 -0.187999964      0.371792465    
 -0.185999990      0.376056552    
 -0.183999956      0.376056463    
 -0.181999981      0.380294710    
 -0.179999948      0.380294651    
 -0.177999973      0.384505242    
 -0.175999939      0.384505212    
 -0.173999965      0.388686240    
 -0.171999931      0.388686180    
 -0.169999957      0.392835557    
 -0.167999983      0.392835468    
 -0.165999949      0.396951050    
 -0.163999975      0.396950960    
 -0.161999941      0.401030421    
 -0.159999967      0.401030362    
 -0.157999933      0.405071199    
 -0.155999959      0.405071169    
 -0.153999984      0.409070849    
 -0.151999950      0.409070790    
 -0.149999976      0.413026571    
 -0.147999942      0.413026512    
 -0.145999968      0.416935414    
 -0.143999934      0.416935384    
 -0.141999960      0.420794398    
 -0.139999986      0.420794398    
 -0.137999952      0.424600244    
 -0.135999978      0.424600244    
 -0.133999944      0.428349584    
 -0.131999969      0.428349584    
 -0.129999936      0.432038844    
 -0.127999961      0.432038873    
 -0.125999987      0.435664296    
 -0.123999953      0.435664296    
 -0.121999979      0.439222068    
 -0.119999945      0.439222068    
 -0.117999971      0.442708135    
 -0.115999937      0.442708135    
 -0.113999963      0.446118295    
 -0.111999929      0.446118355    
 -0.109999955      0.449448377    
 -0.107999980      0.449448407    
 -0.105999947      0.452693939    
 -0.103999972      0.452693999    
 -0.101999938      0.455850631    
  -9.99999642E-02  0.455850691    
  -9.79999304E-02  0.458913922    
  -9.59999561E-02  0.458914012    
  -9.39999819E-02  0.461879462    
  -9.19999480E-02  0.461879581    
  -8.99999738E-02  0.464742839    
  -8.79999399E-02  0.464742959    
  -8.59999657E-02  0.467499822    
  -8.39999318E-02  0.467499912    
  -8.19999576E-02  0.470146328    
  -7.99999833E-02  0.470146358    
  -7.79999495E-02  0.472678512    
  -7.59999752E-02  0.472678542    
  -7.39999413E-02  0.475092888    
  -7.19999671E-02  0.475092947    
  -6.99999332E-02  0.477386385    
  -6.79999590E-02  0.477386475    
  -6.59999847E-02  0.479556441    
  -6.39999509E-02  0.479556471    
  -6.19999766E-02  0.481600940    
  -5.99999428E-02  0.481600940    
  -5.79999685E-02  0.483518481    
  -5.59999347E-02  0.483518481    
  -5.39999604E-02  0.485308379    
  -5.19999266E-02  0.485308379    
  -4.99999523E-02  0.486970633    
  -4.79999781E-02  0.486970633    
  -4.59999442E-02  0.488506168    
  -4.39999700E-02  0.488506198    
  -4.19999361E-02  0.489916682    
  -3.99999619E-02  0.489916712    
  -3.79999280E-02  0.491204709    
  -3.59999537E-02  0.491204709    
  -3.39999795E-02  0.492373645    
  -3.19999456E-02  0.492373616    
  -2.99999714E-02  0.493427694    
  -2.79999375E-02  0.493427664    
  -2.59999633E-02  0.494371802    
  -2.39999294E-02  0.494371772    
  -2.19999552E-02  0.495211571    
  -1.99999809E-02  0.495211542    
  -1.79999471E-02  0.495953172    
  -1.59999728E-02  0.495953143    
  -1.39999390E-02  0.496603280    
  -1.19999647E-02  0.496603251    
  -9.99993086E-03  0.497168839    
  -7.99995661E-03  0.497168839    
  -5.99998236E-03  0.497657061    
  -3.99994850E-03  0.497657031    
  -1.99997425E-03  0.498075187    
   0.00000000      0.498075128    
   2.00009346E-03  0.498430341    
   4.00006771E-03  0.498430252    
   6.00004196E-03  0.498729557    
   8.00001621E-03  0.498729438    
   9.99999046E-03  0.498979479    
   1.20000839E-02  0.498979390    
   1.40000582E-02  0.499186516    
   1.60000324E-02  0.499186397    
   1.80000067E-02  0.499356508    
   2.00001001E-02  0.499356449    
   2.20000744E-02  0.499494940    
   2.40000486E-02  0.499494851    
   2.60000229E-02  0.499606639    
   2.79999971E-02  0.499606580    
   3.00000906E-02  0.499695987    
   3.20000648E-02  0.499695957    
   3.40000391E-02  0.499766827    
   3.60000134E-02  0.499766827    
   3.80001068E-02  0.499822468    
   4.00000811E-02  0.499822497    
   4.20000553E-02  0.499865800    
   4.40000296E-02  0.499865830    
   4.60000038E-02  0.499899238    
   4.80000973E-02  0.499899268    
   5.00000715E-02  0.499924779    
   5.20000458E-02  0.499924809    
   5.40000200E-02  0.499944150    
   5.59999943E-02  0.499944150    
   5.80000877E-02  0.499958664    
   6.00000620E-02  0.499958664    
   6.20000362E-02  0.499969423    
   6.40000105E-02  0.499969423    
   6.60001040E-02  0.499977350    
   6.80000782E-02  0.499977350    
   7.00000525E-02  0.499983102    
   7.20000267E-02  0.499983102    
   7.40000010E-02  0.499987215    
   7.60000944E-02  0.499987215    
   7.80000687E-02  0.499990165    
   8.00000429E-02  0.499990165    
   8.20000172E-02  0.499992192    
   8.40001106E-02  0.499992192    
   8.60000849E-02  0.499993563    
   8.80000591E-02  0.499993563    
   9.00000334E-02  0.499994457    
   9.20000076E-02  0.499994457    
   9.40001011E-02  0.499995053    
   9.60000753E-02  0.499995053    
   9.80000496E-02  0.499995381    
  0.100000024      0.499995381    
  0.101999998      0.499995530    
  0.104000092      0.499995530    
  0.106000066      0.499995559    
  0.108000040      0.499995559    
  0.110000014      0.499995589    
  0.112000108      0.499995589    
  0.114000082      0.499995619    
  0.116000056      0.499995619    
  0.118000031      0.499995649    
  0.120000005      0.499995649    
  0.122000098      0.499995679    
  0.124000072      0.499995679    
  0.126000047      0.499995708    
  0.128000021      0.499995708    
  0.129999995      0.499995738    
  0.132000089      0.499995738    
  0.134000063      0.499995768    
  0.136000037      0.499995768    
  0.138000011      0.499995798    
  0.140000105      0.499995798    
  0.142000079      0.499995828    
  0.144000053      0.499995828    
  0.146000028      0.499995857    
  0.148000002      0.499995857    
  0.150000095      0.499995887    
  0.152000070      0.499995887    
  0.154000044      0.499995917    
  0.156000018      0.499995917    
  0.158000112      0.499995947    
  0.160000086      0.499995947    
  0.162000060      0.499995977    
  0.164000034      0.499995977    
  0.166000009      0.499996006    
  0.168000102      0.499996006    
  0.170000076      0.499996036    
  0.172000051      0.499996036    
  0.174000025      0.499996066    
  0.175999999      0.499996066    
  0.178000093      0.499996096    
  0.180000067      0.499996096    
  0.182000041      0.499996126    
  0.184000015      0.499996126    
  0.186000109      0.499996156    
  0.188000083      0.499996156    
  0.190000057      0.499996185    
  0.192000031      0.499996185    
  0.194000006      0.499996215    
  0.196000099      0.499996215    
  0.198000073      0.499996245    
  0.200000048      0.499996245    
  0.202000022      0.499996275    
  0.204000115      0.499996275    
  0.206000090      0.499996305    
  0.208000064      0.499996305    
  0.210000038      0.499996334    
  0.212000012      0.499996334    
  0.214000106      0.499996364    
  0.216000080      0.499996364    
  0.218000054      0.499996394    
  0.220000029      0.499996394    
  0.222000003      0.499996424    
  0.224000096      0.499996424    
  0.226000071      0.499996454    
  0.228000045      0.499996454    
  0.230000019      0.499996483    
  0.232000113      0.499996483    
  0.234000087      0.499996513    
  0.236000061      0.499996513    
  0.238000035      0.499996543    
  0.240000010      0.499996543    
  0.242000103      0.499996573    
  0.244000077      0.499996573    
  0.246000051      0.499996603    
  0.248000026      0.499996603    
  0.250000000      0.499996632    
  0.252000093      0.499996632    
  0.254000068      0.499996662    
  0.256000042      0.499996662    
  0.258000016      0.499996692    
  0.260000110      0.499996692    
  0.262000084      0.499996722    
  0.264000058      0.499996722    
  0.266000032      0.499996752    
  0.268000007      0.499996752    
  0.270000100      0.499996781    
  0.272000074      0.499996781    
  0.274000049      0.499996811    
  0.276000023      0.499996811    
  0.278000116      0.499996841    
  0.280000091      0.499996841    
  0.282000065      0.499996871    
  0.284000039      0.499996871    
  0.286000013      0.499996901    
  0.288000107      0.499996901    
  0.290000081      0.499996930    
  0.292000055      0.499996930    
  0.294000030      0.499996960    
  0.296000004      0.499996960    
  0.298000097      0.499996990    
  0.300000072      0.499996990    
  0.302000046      0.499997020    
  0.304000020      0.499997020    
  0.306000113      0.499997050    
  0.308000088      0.499997050    
  0.310000062      0.499997079    
  0.312000036      0.499997079    
  0.314000010      0.499997109    
  0.316000104      0.499997109    
  0.318000078      0.499997139    
  0.320000052      0.499997139    
  0.322000027      0.499997169    
  0.324000120      0.499997169    
  0.326000094      0.499997199    
  0.328000069      0.499997199    
  0.330000043      0.499997228    
  0.332000017      0.499997228    
  0.334000111      0.499997258    
  0.336000085      0.499997258    
  0.338000059      0.499997288    
  0.340000033      0.499997288    
  0.342000008      0.499997318    
  0.344000101      0.499997318    
  0.346000075      0.499997348    
  0.348000050      0.499997348    
  0.350000024      0.499997377    
  0.352000117      0.499997377    
  0.354000092      0.499997407    
  0.356000066      0.499997407    
  0.358000040      0.499997437    
  0.360000014      0.499997437    
  0.362000108      0.499997467    
  0.364000082      0.499997467    
  0.366000056      0.499997497    
  0.368000031      0.499997497    
  0.370000124      0.499997526    
  0.372000098      0.499997526    
  0.374000072      0.499997556    
  0.376000047      0.499997556    
  0.378000021      0.499997586    
  0.380000114      0.499997586    
  0.382000089      0.499997616    
  0.384000063      0.499997616    
  0.386000037      0.499997646    
  0.388000011      0.499997646    
  0.390000105      0.499997675    
  0.392000079      0.499997675    
  0.394000053      0.499997705    
  0.396000028      0.499997705    
  0.398000121      0.499997735    
  0.400000095      0.499997735    
  0.402000070      0.499997765    
  0.404000044      0.499997765    
  0.406000018      0.499997795    
  0.408000112      0.499997795    
  0.410000086      0.499997824    
  0.412000060      0.499997824    
  0.414000034      0.499997854    
  0.416000009      0.499997854    
  0.418000102      0.499997884    
  0.420000076      0.499997884    
  0.422000051      0.499997914    
  0.424000025      0.499997914    
  0.426000118      0.499997944    
  0.428000093      0.499997944    
  0.430000067      0.499997973    
  0.432000041      0.499997973    
  0.434000015      0.499998003    
  0.436000109      0.499998003    
  0.438000083      0.499998033    
  0.440000057      0.499998033    
  0.442000031      0.499998063    
  0.444000125      0.499998063    
  0.446000099      0.499998093    
  0.448000073      0.499998093    
  0.450000048      0.499998122    
  0.452000022      0.499998122    
  0.454000115      0.499998152    
  0.456000090      0.499998152    
  0.458000064      0.499998182    
  0.460000038      0.499998182    
  0.462000012      0.499998212    
  0.464000106      0.499998212    
  0.466000080      0.499998242    
  0.468000054      0.499998242    
  0.470000029      0.499998271    
  0.472000122      0.499998271    
  0.474000096      0.499998301    
  0.476000071      0.499998301    
  0.478000045      0.499998331    
  0.480000019      0.499998331    
  0.482000113      0.499998361    
  0.484000087      0.499998361    
  0.486000061      0.499998391    
  0.488000035      0.499998391    
  0.490000129      0.499998420    
  0.492000103      0.499998420    
  0.494000077      0.499998450    
  0.496000051      0.499998450    
  0.498000026      0.499998480    
  0.500000119      0.499998480    
  0.502000093      0.499998510    
  0.504000068      0.499998510    
  0.506000042      0.499998540    
  0.508000016      0.499998540    
  0.510000110      0.499998569    
  0.512000084      0.499998569    
  0.514000058      0.499998599    
  0.516000032      0.499998599    
  0.518000126      0.499998629    
  0.520000100      0.499998629    
  0.522000074      0.499998659    
  0.524000049      0.499998659    
  0.526000023      0.499998689    
  0.528000116      0.499998689    
  0.530000091      0.499998719    
  0.532000065      0.499998719    
  0.534000039      0.499998748    
  0.536000013      0.499998748    
  0.538000107      0.499998778    
  0.540000081      0.499998748    
  0.542000055      0.499998748    
  0.544000030      0.499998689    
  0.546000123      0.499998689    
  0.548000097      0.499998629    
  0.550000072      0.499998629    
  0.552000046      0.499998569    
  0.554000020      0.499998569    
  0.556000113      0.499998510    
  0.558000088      0.499998510    
  0.560000062      0.499998450    
  0.562000036      0.499998450    
  0.564000130      0.499998391    
  0.566000104      0.499998391    
  0.568000078      0.499998331    
  0.570000052      0.499998331    
  0.572000027      0.499998271    
  0.574000120      0.499998271    
  0.576000094      0.499998212    
  0.578000069      0.499998212    
  0.580000043      0.499998152    
  0.582000017      0.499998152    
  0.584000111      0.499998093    
  0.586000085      0.499998093    
  0.588000059      0.499998033    
  0.590000033      0.499998033    
  0.592000127      0.499997973    
  0.594000101      0.499997973    
  0.596000075      0.499997914    
  0.598000050      0.499997914    
  0.600000024      0.499997854    
  0.602000117      0.499997854    
  0.604000092      0.499997795    
  0.606000066      0.499997795    
  0.608000040      0.499997735    
  0.610000134      0.499997735    
  0.612000108      0.499997675    
  0.614000082      0.499997675    
  0.616000056      0.499997586    
  0.618000031      0.499997586    
  0.620000124      0.499997377    
  0.622000098      0.499997377    
  0.624000072      0.499996841    
  0.626000047      0.499996841    
  0.628000021      0.499995738    
  0.630000114      0.499995738    
  0.632000089      0.499993443    
  0.634000063      0.499993443    
  0.636000037      0.499988705    
  0.638000131      0.499988705    
  0.640000105      0.499979109    
  0.642000079      0.499979109    
  0.644000053      0.499959558    
  0.646000028      0.499959558    
  0.648000121      0.499919862    
  0.650000095      0.499919862    
  0.652000070      0.499839395    
  0.654000044      0.499839365    
  0.656000137      0.499676317    
  0.658000112      0.499676287    
  0.660000086      0.499346018    
  0.662000060      0.499346018    
  0.664000034      0.498677969    
  0.666000128      0.498677999    
  0.668000102      0.497329950    
  0.670000076      0.497330010    
  0.672000051      0.494622260    
  0.674000025      0.494622350    
  0.676000118      0.489232749    
  0.678000093      0.489232898    
  0.680000067      0.478696108    
  0.682000041      0.478696346    
  0.684000134      0.458794475    
  0.686000109      0.458794892    
  0.688000083      0.423504382    
  0.690000057      0.423505187    
  0.692000031      0.367264241    
  0.694000125      0.367265433    
  0.696000099      0.290894628    
  0.698000073      0.290896118    
  0.700000048      0.206417456    
  0.702000022      0.206418961    
  0.704000115      0.131387606    
  0.706000090      0.131388813    
  0.708000064       7.65860826E-02
  0.710000038       7.65869021E-02
  0.712000132       4.20333743E-02
  0.714000106       4.20338698E-02
  0.716000080       2.22434737E-02
  0.718000054       2.22437494E-02
  0.720000029       1.15330834E-02
  0.722000122       1.15332305E-02
  0.724000096       5.91488788E-03
  0.726000071       5.91496471E-03
  0.728000045       3.01628280E-03
  0.730000138       3.01632192E-03
  0.732000113       1.53362378E-03
  0.734000087       1.53364346E-03
  0.736000061       7.78582762E-04
  0.738000035       7.78592832E-04
  0.740000129       3.94952163E-04
  0.742000103       3.94957315E-04
  0.744000077       2.00260562E-04
  0.746000051       2.00263152E-04
  0.748000026       1.01515892E-04
  0.750000119       1.01517202E-04
  0.752000093       5.14511194E-05
  0.754000068       5.14517815E-05
  0.756000042       2.60729394E-05
  0.758000135       2.60732704E-05
  0.760000110       1.32105024E-05
  0.762000084       1.32106670E-05
  0.764000058       6.69229485E-06
  0.766000032       6.69237852E-06
  0.768000126       3.38956715E-06
  0.770000100       3.38960967E-06
  0.772000074       1.71636543E-06
  0.774000049       1.71638703E-06
  0.776000142       8.68861775E-07
  0.778000116       8.68872746E-07
  0.780000091       4.39685579E-07
  0.782000065       4.39691178E-07
  0.784000039       2.22410748E-07
  0.786000133       2.22413590E-07
  0.788000107       1.12449797E-07
  0.790000081       1.12451239E-07
  0.792000055       5.68216656E-08
  0.794000030       5.68223939E-08
  0.796000123       2.86932895E-08
  0.798000097       2.86936555E-08
  0.800000072       1.44781147E-08
  0.802000046       1.44782968E-08
  0.804000139       7.29892236E-09
  0.806000113       7.29901339E-09
  0.808000088       3.67591779E-09
  0.810000062       3.67596353E-09
  0.812000036       1.84915838E-09
  0.814000130       1.84918136E-09
  0.816000104       9.29010202E-10
  0.818000078       9.29021637E-10
  0.820000052       4.66055639E-10
  0.822000146       4.66061301E-10
  0.824000120       2.33429220E-10
  0.826000094       2.33432051E-10
  0.828000069       1.16707533E-10
  0.830000043       1.16708934E-10
  0.832000136       5.82360618E-11
  0.834000111       5.82367626E-11
  0.836000085       2.89971588E-11
  0.838000059       2.89975058E-11
  0.840000033       1.44048341E-11
  0.842000127       1.44050050E-11
  0.844000101       7.13785975E-12
  0.846000075       7.13794345E-12
  0.848000050       3.52737349E-12
  0.850000143       3.52741425E-12
  0.852000117       1.73810001E-12
  0.854000092       1.73812017E-12
  0.856000066       8.53796363E-13
  0.858000040       8.53806338E-13
  0.860000134       4.18029299E-13
  0.862000108       4.18034287E-13
  0.864000082       2.03962173E-13
  0.866000056       2.03964653E-13
  0.868000031       9.91520505E-14
  0.870000124       9.91532635E-14
  0.872000098       4.80156754E-14
  0.874000072       4.80162717E-14
  0.876000047       2.31587736E-14
  0.878000140       2.31590666E-14
  0.880000114       1.11230291E-14
  0.882000089       1.11231714E-14
  0.884000063       5.31901793E-15
  0.886000037       5.31908696E-15
  0.888000131       2.53203008E-15
  0.890000105       2.53206333E-15
  0.892000079       1.19968114E-15
  0.894000053       1.19969691E-15
  0.896000147       5.65659719E-16
  0.898000121       5.65667131E-16
  0.900000095       2.65382516E-16
  0.902000070       2.65386037E-16
  0.904000044       1.23866776E-16
  0.906000137       1.23868431E-16
  0.908000112       5.75099438E-17
  0.910000086       5.75107181E-17
  0.912000060       2.65570075E-17
  0.914000034       2.65573681E-17
  0.916000128       1.21957442E-17
  0.918000102       1.21959121E-17
  0.920000076       5.56900464E-18
  0.922000051       5.56908198E-18
  0.924000144       2.52834413E-18
  0.926000118       2.52837991E-18
  0.928000093       1.14113122E-18
  0.930000067       1.14114756E-18
  0.932000041       5.11951904E-19
  0.934000134       5.11959297E-19
  0.936000109       2.28282281E-19
  0.938000083       2.28285667E-19
  0.940000057       1.01163064E-19
  0.942000151       1.01164583E-19
  0.944000125       4.45489299E-20
  0.946000099       4.45496020E-20
  0.948000073       1.94929958E-20
  0.950000048       1.94932947E-20
  0.952000141       8.47438298E-21
  0.954000115       8.47451384E-21
  0.956000090       3.66006822E-21
  0.958000064       3.66012558E-21
  0.960000038       1.57031475E-21
  0.962000132       1.57033959E-21
  0.964000106       6.69216883E-22
  0.966000080       6.69227486E-22
  0.968000054       2.83267657E-22
  0.970000148       2.83272201E-22
  0.972000122       1.19081848E-22
  0.974000096       1.19083842E-22
  0.976000071       4.97144623E-23
  0.978000045       4.97154658E-23
  0.980000138       2.06102375E-23
  0.982000113       2.06110801E-23
  0.984000087       8.48482381E-24
  0.986000061       8.48623114E-24
  0.988000035       3.46967729E-24
  0.990000129       3.47288795E-24
  0.992000103       1.41235980E-24
  0.994000077       1.42015887E-24
  0.996000051       5.79890074E-25
  0.998000145       5.98916906E-25
