  -1.00000000       0.00000000    
 -0.998000026       0.00000000    
 -0.995999992       0.00000000    
 -0.994000018       0.00000000    
 -0.991999984       0.00000000    
 -0.990000010       0.00000000    
 -0.987999976       0.00000000    
 -0.986000001       0.00000000    
 -0.984000027       0.00000000    
 -0.981999993       0.00000000    
 -0.980000019       0.00000000    
 -0.977999985       0.00000000    
 -0.976000011       0.00000000    
 -0.973999977       0.00000000    
 -0.972000003       0.00000000    
 -0.970000029       0.00000000    
 -0.967999995       0.00000000    
 -0.966000021       0.00000000    
 -0.963999987       0.00000000    
 -0.962000012       0.00000000    
 -0.959999979       0.00000000    
 -0.958000004       0.00000000    
 -0.955999970       0.00000000    
 -0.953999996       0.00000000    
 -0.952000022       0.00000000    
 -0.949999988       0.00000000    
 -0.948000014       0.00000000    
 -0.945999980       0.00000000    
 -0.944000006       0.00000000    
 -0.941999972       0.00000000    
 -0.939999998       0.00000000    
 -0.938000023       0.00000000    
 -0.935999990       0.00000000    
 -0.934000015       0.00000000    
 -0.931999981       0.00000000    
 -0.930000007       0.00000000    
 -0.927999973       0.00000000    
 -0.925999999       0.00000000    
 -0.924000025       0.00000000    
 -0.921999991       0.00000000    
 -0.920000017       0.00000000    
 -0.917999983       0.00000000    
 -0.916000009       0.00000000    
 -0.913999975       0.00000000    
 -0.912000000       0.00000000    
 -0.909999967       0.00000000    
 -0.907999992       0.00000000    
 -0.906000018       0.00000000    
 -0.903999984       0.00000000    
 -0.902000010       0.00000000    
 -0.899999976       0.00000000    
 -0.898000002       0.00000000    
 -0.896000028       0.00000000    
 -0.893999994       0.00000000    
 -0.892000020       0.00000000    
 -0.889999986       0.00000000    
 -0.888000011       0.00000000    
 -0.885999978       0.00000000    
 -0.884000003       0.00000000    
 -0.881999969       0.00000000    
 -0.879999995       0.00000000    
 -0.878000021       0.00000000    
 -0.875999987       0.00000000    
 -0.874000013       0.00000000    
 -0.871999979       0.00000000    
 -0.870000005       0.00000000    
 -0.868000031       0.00000000    
 -0.865999997       0.00000000    
 -0.863999963       0.00000000    
 -0.861999989       0.00000000    
 -0.860000014       0.00000000    
 -0.857999980       0.00000000    
 -0.856000006       0.00000000    
 -0.853999972       0.00000000    
 -0.851999998       0.00000000    
 -0.850000024       0.00000000    
 -0.847999990       0.00000000    
 -0.845999956       0.00000000    
 -0.843999982       0.00000000    
 -0.842000008       0.00000000    
 -0.839999974       0.00000000    
 -0.838000000       0.00000000    
 -0.835999966       0.00000000    
 -0.833999991       0.00000000    
 -0.832000017       0.00000000    
 -0.829999983       0.00000000    
 -0.828000009       0.00000000    
 -0.825999975       0.00000000    
 -0.824000001       0.00000000    
 -0.822000027       0.00000000    
 -0.819999993       0.00000000    
 -0.817999959       0.00000000    
 -0.815999985       0.00000000    
 -0.814000010       0.00000000    
 -0.811999977       0.00000000    
 -0.810000002       0.00000000    
 -0.807999969       0.00000000    
 -0.805999994       0.00000000    
 -0.804000020       0.00000000    
 -0.801999986       0.00000000    
 -0.800000012       0.00000000    
 -0.797999978       1.40129846E-45
 -0.796000004       0.00000000    
 -0.793999970       3.92363570E-44
 -0.791999996       3.92363570E-44
 -0.789999962       2.86565536E-42
 -0.787999988       2.86845796E-42
 -0.786000013       1.41959942E-40
 -0.783999979       1.41959942E-40
 -0.782000005       5.23584521E-39
 -0.779999971       5.23581158E-39
 -0.777999997       1.53446184E-37
 -0.776000023       1.53445007E-37
 -0.773999989       3.72208943E-36
 -0.771999955       3.72205750E-36
 -0.769999981       7.68587453E-35
 -0.768000007       7.68581025E-35
 -0.765999973       1.37914645E-33
 -0.763999999       1.37913534E-33
 -0.761999965       2.18452518E-32
 -0.759999990       2.18450843E-32
 -0.758000016       3.09248678E-31
 -0.755999982       3.09246256E-31
 -0.754000008       3.95190367E-30
 -0.751999974       3.95187208E-30
 -0.750000000       4.59658660E-29
 -0.748000026       4.59654959E-29
 -0.745999992       4.90004485E-28
 -0.743999958       4.90000489E-28
 -0.741999984       4.81566033E-27
 -0.740000010       4.81561834E-27
 -0.737999976       4.38532646E-26
 -0.736000001       4.38528825E-26
 -0.733999968       3.71663828E-25
 -0.731999993       3.71660747E-25
 -0.730000019       2.94291779E-24
 -0.727999985       2.94289412E-24
 -0.725999951       2.18457878E-23
 -0.723999977       2.18456174E-23
 -0.722000003       1.52488870E-22
 -0.720000029       1.52487697E-22
 -0.717999995       1.00362232E-21
 -0.715999961       1.00361464E-21
 -0.713999987       6.24348818E-21
 -0.712000012       6.24343971E-21
 -0.709999979       3.67934589E-20
 -0.707999945       3.67931746E-20
 -0.705999970       2.05813458E-19
 -0.703999996       2.05811842E-19
 -0.702000022       1.09479639E-18
 -0.699999988       1.09478791E-18
 -0.697999954       5.54726096E-18
 -0.695999980       5.54721877E-18
 -0.694000006       2.68150845E-17
 -0.691999972       2.68148810E-17
 -0.689999998       1.23837368E-16
 -0.687999964       1.23836429E-16
 -0.685999990       5.47098898E-16
 -0.684000015       5.47094716E-16
 -0.681999981       2.31498869E-15
 -0.679999948       2.31497090E-15
 -0.677999973       9.39269499E-15
 -0.675999999       9.39262130E-15
 -0.674000025       3.65801004E-14
 -0.671999991       3.65798158E-14
 -0.669999957       1.36879006E-13
 -0.667999983       1.36877990E-13
 -0.666000009       4.92563238E-13
 -0.663999975       4.92559661E-13
 -0.661999941       1.70604438E-12
 -0.659999967       1.70603191E-12
 -0.657999992       5.69204232E-12
 -0.656000018       5.69200242E-12
 -0.653999984       1.83071319E-11
 -0.651999950       1.83070052E-11
 -0.649999976       5.68004463E-11
 -0.648000002       5.68000647E-11
 -0.646000028       1.70117545E-10
 -0.643999994       1.70116449E-10
 -0.641999960       4.92132612E-10
 -0.639999986       4.92129504E-10
 -0.638000011       1.37595646E-09
 -0.635999978       1.37594802E-09
 -0.633999944       3.72011333E-09
 -0.631999969       3.72009201E-09
 -0.629999995       9.73111192E-09
 -0.628000021       9.73105596E-09
 -0.625999987       2.46397693E-08
 -0.623999953       2.46396326E-08
 -0.621999979       6.04199215E-08
 -0.620000005       6.04195947E-08
 -0.617999971       1.43543403E-07
 -0.615999997       1.43542678E-07
 -0.613999963       3.30541468E-07
 -0.611999989       3.30539876E-07
 -0.610000014       7.38037727E-07
 -0.607999980       7.38034373E-07
 -0.605999947       1.59846229E-06
 -0.603999972       1.59845524E-06
 -0.601999998       3.35931099E-06
 -0.600000024       3.35929667E-06
 -0.597999990       6.85278428E-06
 -0.595999956       6.85275609E-06
 -0.593999982       1.35734745E-05
 -0.592000008       1.35734199E-05
 -0.589999974       2.61128334E-05
 -0.587999940       2.61127352E-05
 -0.585999966       4.88071128E-05
 -0.583999991       4.88069418E-05
 -0.582000017       8.86548078E-05
 -0.579999983       8.86545022E-05
 -0.577999949       1.56543247E-04
 -0.575999975       1.56542723E-04
 -0.574000001       2.68784468E-04
 -0.571999967       2.68783595E-04
 -0.569999993       4.48892621E-04
 -0.567999959       4.48891224E-04
 -0.565999985       7.29442516E-04
 -0.564000010       7.29440304E-04
 -0.561999977       1.15374185E-03
 -0.559999943       1.15373859E-03
 -0.557999969       1.77695975E-03
 -0.555999994       1.77695521E-03
 -0.554000020       2.66631367E-03
 -0.551999986       2.66630715E-03
 -0.549999952       3.89996357E-03
 -0.547999978       3.89995519E-03
 -0.546000004       5.56442281E-03
 -0.543999970       5.56441257E-03
 -0.541999936       7.75054051E-03
 -0.539999962       7.75052747E-03
 -0.537999988       1.05484044E-02
 -0.536000013       1.05483886E-02
 -0.533999979       1.40417712E-02
 -0.531999946       1.40417526E-02
 -0.529999971       1.83027592E-02
 -0.527999997       1.83027387E-02
 -0.525999963       2.33875159E-02
 -0.523999989       2.33874917E-02
 -0.521999955       2.93333679E-02
 -0.519999981       2.93333437E-02
 -0.518000007       3.61577123E-02
 -0.515999973       3.61576863E-02
 -0.513999939       4.38585468E-02
 -0.511999965       4.38585132E-02
 -0.509999990       5.24163470E-02
 -0.508000016       5.24163134E-02
 -0.505999982       6.17968887E-02
 -0.503999949       6.17968589E-02
 -0.501999974       7.19544813E-02
 -0.500000000       7.19544515E-02
 -0.497999966       8.28352422E-02
 -0.495999992       8.28352123E-02
 -0.493999958       9.43801105E-02
 -0.491999984       9.43800807E-02
 -0.489999950      0.106527418    
 -0.487999976      0.106527388    
 -0.486000001      0.119214907    
 -0.483999968      0.119214877    
 -0.481999993      0.132381216    
 -0.479999959      0.132381186    
 -0.477999985      0.145966917    
 -0.475999951      0.145966887    
 -0.473999977      0.159915015    
 -0.472000003      0.159915000    
 -0.469999969      0.174171329    
 -0.467999995      0.174171299    
 -0.465999961      0.188684285    
 -0.463999987      0.188684240    
 -0.461999953      0.203404784    
 -0.459999979      0.203404754    
 -0.457999945      0.218285874    
 -0.455999970      0.218285844    
 -0.453999996      0.233282208    
 -0.451999962      0.233282179    
 -0.449999988      0.248349488    
 -0.447999954      0.248349473    
 -0.445999980      0.263443887    
 -0.443999946      0.263443887    
 -0.441999972      0.278521478    
 -0.439999998      0.278521478    
 -0.437999964      0.293537408    
 -0.435999990      0.293537378    
 -0.433999956      0.308445334    
 -0.431999981      0.308445275    
 -0.429999948      0.323196739    
 -0.427999973      0.323196679    
 -0.425999999      0.337740272    
 -0.423999965      0.337740242    
 -0.421999991      0.352021188    
 -0.419999957      0.352021188    
 -0.417999983      0.365980834    
 -0.415999949      0.365980804    
 -0.413999975      0.379556298    
 -0.412000000      0.379556298    
 -0.409999967      0.392680466    
 -0.407999992      0.392680466    
 -0.405999959      0.405282259    
 -0.403999984      0.405282259    
 -0.401999950      0.417287529    
 -0.399999976      0.417287558    
 -0.397999942      0.428620696    
 -0.395999968      0.428620696    
 -0.393999994      0.439206809    
 -0.391999960      0.439206809    
 -0.389999986      0.448975116    
 -0.387999952      0.448975086    
 -0.385999978      0.457862973    
 -0.383999944      0.457862943    
 -0.381999969      0.465820670    
 -0.379999995      0.465820670    
 -0.377999961      0.472816497    
 -0.375999987      0.472816497    
 -0.373999953      0.478841364    
 -0.371999979      0.478841364    
 -0.369999945      0.483912170    
 -0.367999971      0.483912170    
 -0.365999997      0.488073051    
 -0.363999963      0.488073081    
 -0.361999989      0.491394043    
 -0.359999955      0.491394103    
 -0.357999980      0.493966639    
 -0.355999947      0.493966669    
 -0.353999972      0.495896876    
 -0.351999998      0.495896876    
 -0.349999964      0.497297138    
 -0.347999990      0.497297108    
 -0.345999956      0.498277694    
 -0.343999982      0.498277694    
 -0.341999948      0.498939633    
 -0.339999974      0.498939663    
 -0.337999940      0.499369979    
 -0.335999966      0.499369979    
 -0.333999991      0.499639064    
 -0.331999958      0.499639064    
 -0.329999983      0.499800831    
 -0.327999949      0.499800831    
 -0.325999975      0.499894202    
 -0.323999941      0.499894202    
 -0.321999967      0.499945909    
 -0.319999993      0.499945909    
 -0.317999959      0.499973357    
 -0.315999985      0.499973357    
 -0.313999951      0.499987334    
 -0.311999977      0.499987334    
 -0.309999943      0.499994099    
 -0.307999969      0.499994099    
 -0.305999994      0.499997228    
 -0.303999960      0.499997228    
 -0.301999986      0.499998599    
 -0.299999952      0.499998599    
 -0.297999978      0.499999136    
 -0.295999944      0.499999136    
 -0.293999970      0.499999285    
 -0.291999996      0.499999285    
 -0.289999962      0.499999315    
 -0.287999988      0.499999315    
 -0.285999954      0.499999344    
 -0.283999979      0.499999344    
 -0.281999946      0.499999374    
 -0.279999971      0.499999374    
 -0.277999938      0.499999404    
 -0.275999963      0.499999404    
 -0.273999989      0.499999434    
 -0.271999955      0.499999434    
 -0.269999981      0.499999464    
 -0.267999947      0.499999464    
 -0.265999973      0.499999493    
 -0.263999939      0.499999493    
 -0.261999965      0.499999523    
 -0.259999990      0.499999523    
 -0.257999957      0.499999553    
 -0.255999982      0.499999553    
 -0.253999949      0.499999583    
 -0.251999974      0.499999583    
 -0.249999940      0.499999613    
 -0.247999966      0.499999613    
 -0.245999992      0.499999642    
 -0.243999958      0.499999642    
 -0.241999984      0.499999672    
 -0.239999950      0.499999672    
 -0.237999976      0.499999702    
 -0.235999942      0.499999702    
 -0.233999968      0.499999732    
 -0.231999993      0.499999732    
 -0.229999959      0.499999762    
 -0.227999985      0.499999762    
 -0.225999951      0.499999791    
 -0.223999977      0.499999791    
 -0.221999943      0.499999821    
 -0.219999969      0.499999821    
 -0.217999935      0.499999851    
 -0.215999961      0.499999851    
 -0.213999987      0.499999881    
 -0.211999953      0.499999881    
 -0.209999979      0.499999911    
 -0.207999945      0.499999911    
 -0.205999970      0.499999940    
 -0.203999937      0.499999940    
 -0.201999962      0.499999970    
 -0.199999988      0.499999970    
 -0.197999954      0.500000000    
 -0.195999980      0.500000000    
 -0.193999946      0.500000000    
 -0.191999972      0.500000000    
 -0.189999938      0.500000000    
 -0.187999964      0.500000000    
 -0.185999990      0.500000000    
 -0.183999956      0.500000000    
 -0.181999981      0.500000000    
 -0.179999948      0.500000000    
 -0.177999973      0.500000000    
 -0.175999939      0.500000000    
 -0.173999965      0.500000000    
 -0.171999931      0.500000000    
 -0.169999957      0.500000000    
 -0.167999983      0.500000000    
 -0.165999949      0.500000000    
 -0.163999975      0.500000000    
 -0.161999941      0.500000000    
 -0.159999967      0.500000000    
 -0.157999933      0.500000000    
 -0.155999959      0.500000000    
 -0.153999984      0.500000000    
 -0.151999950      0.500000000    
 -0.149999976      0.500000000    
 -0.147999942      0.500000000    
 -0.145999968      0.500000000    
 -0.143999934      0.500000000    
 -0.141999960      0.500000000    
 -0.139999986      0.500000000    
 -0.137999952      0.500000000    
 -0.135999978      0.500000000    
 -0.133999944      0.500000000    
 -0.131999969      0.500000000    
 -0.129999936      0.500000000    
 -0.127999961      0.500000000    
 -0.125999987      0.500000000    
 -0.123999953      0.500000000    
 -0.121999979      0.500000000    
 -0.119999945      0.500000000    
 -0.117999971      0.500000000    
 -0.115999937      0.500000000    
 -0.113999963      0.500000000    
 -0.111999929      0.500000000    
 -0.109999955      0.500000000    
 -0.107999980      0.500000000    
 -0.105999947      0.500000000    
 -0.103999972      0.500000000    
 -0.101999938      0.500000000    
  -9.99999642E-02  0.500000000    
  -9.79999304E-02  0.500000000    
  -9.59999561E-02  0.500000000    
  -9.39999819E-02  0.500000000    
  -9.19999480E-02  0.500000000    
  -8.99999738E-02  0.500000000    
  -8.79999399E-02  0.500000000    
  -8.59999657E-02  0.500000000    
  -8.39999318E-02  0.500000000    
  -8.19999576E-02  0.500000000    
  -7.99999833E-02  0.500000000    
  -7.79999495E-02  0.500000000    
  -7.59999752E-02  0.500000000    
  -7.39999413E-02  0.500000000    
  -7.19999671E-02  0.500000000    
  -6.99999332E-02  0.500000000    
  -6.79999590E-02  0.500000000    
  -6.59999847E-02  0.500000000    
  -6.39999509E-02  0.500000000    
  -6.19999766E-02  0.500000000    
  -5.99999428E-02  0.500000000    
  -5.79999685E-02  0.500000000    
  -5.59999347E-02  0.500000000    
  -5.39999604E-02  0.500000000    
  -5.19999266E-02  0.500000000    
  -4.99999523E-02  0.500000000    
  -4.79999781E-02  0.500000000    
  -4.59999442E-02  0.500000000    
  -4.39999700E-02  0.500000000    
  -4.19999361E-02  0.500000000    
  -3.99999619E-02  0.500000000    
  -3.79999280E-02  0.500000000    
  -3.59999537E-02  0.500000000    
  -3.39999795E-02  0.500000000    
  -3.19999456E-02  0.500000000    
  -2.99999714E-02  0.500000000    
  -2.79999375E-02  0.500000000    
  -2.59999633E-02  0.500000000    
  -2.39999294E-02  0.500000000    
  -2.19999552E-02  0.500000000    
  -1.99999809E-02  0.500000000    
  -1.79999471E-02  0.500000000    
  -1.59999728E-02  0.500000000    
  -1.39999390E-02  0.500000000    
  -1.19999647E-02  0.500000000    
  -9.99993086E-03  0.500000000    
  -7.99995661E-03  0.500000000    
  -5.99998236E-03  0.500000000    
  -3.99994850E-03  0.500000000    
  -1.99997425E-03  0.500000000    
   0.00000000      0.500000000    
   2.00009346E-03  0.500000000    
   4.00006771E-03  0.500000000    
   6.00004196E-03  0.500000000    
   8.00001621E-03  0.500000000    
   9.99999046E-03  0.500000000    
   1.20000839E-02  0.500000000    
   1.40000582E-02  0.500000000    
   1.60000324E-02  0.500000000    
   1.80000067E-02  0.500000000    
   2.00001001E-02  0.500000000    
   2.20000744E-02  0.500000000    
   2.40000486E-02  0.500000000    
   2.60000229E-02  0.500000000    
   2.79999971E-02  0.500000000    
   3.00000906E-02  0.500000000    
   3.20000648E-02  0.500000000    
   3.40000391E-02  0.500000000    
   3.60000134E-02  0.500000000    
   3.80001068E-02  0.500000000    
   4.00000811E-02  0.500000000    
   4.20000553E-02  0.500000000    
   4.40000296E-02  0.500000000    
   4.60000038E-02  0.500000000    
   4.80000973E-02  0.500000000    
   5.00000715E-02  0.500000000    
   5.20000458E-02  0.500000000    
   5.40000200E-02  0.500000000    
   5.59999943E-02  0.500000000    
   5.80000877E-02  0.500000000    
   6.00000620E-02  0.500000000    
   6.20000362E-02  0.500000000    
   6.40000105E-02  0.500000000    
   6.60001040E-02  0.500000000    
   6.80000782E-02  0.500000000    
   7.00000525E-02  0.500000000    
   7.20000267E-02  0.500000000    
   7.40000010E-02  0.500000000    
   7.60000944E-02  0.500000000    
   7.80000687E-02  0.500000000    
   8.00000429E-02  0.500000000    
   8.20000172E-02  0.500000000    
   8.40001106E-02  0.500000000    
   8.60000849E-02  0.500000000    
   8.80000591E-02  0.500000000    
   9.00000334E-02  0.500000000    
   9.20000076E-02  0.500000000    
   9.40001011E-02  0.500000000    
   9.60000753E-02  0.500000000    
   9.80000496E-02  0.500000000    
  0.100000024      0.500000000    
  0.101999998      0.500000000    
  0.104000092      0.500000000    
  0.106000066      0.500000000    
  0.108000040      0.500000000    
  0.110000014      0.500000000    
  0.112000108      0.500000000    
  0.114000082      0.500000000    
  0.116000056      0.500000000    
  0.118000031      0.500000000    
  0.120000005      0.500000000    
  0.122000098      0.500000000    
  0.124000072      0.500000000    
  0.126000047      0.500000000    
  0.128000021      0.500000000    
  0.129999995      0.500000000    
  0.132000089      0.500000000    
  0.134000063      0.500000000    
  0.136000037      0.500000000    
  0.138000011      0.500000000    
  0.140000105      0.500000000    
  0.142000079      0.500000000    
  0.144000053      0.500000000    
  0.146000028      0.500000000    
  0.148000002      0.500000000    
  0.150000095      0.500000000    
  0.152000070      0.500000000    
  0.154000044      0.500000000    
  0.156000018      0.500000000    
  0.158000112      0.500000000    
  0.160000086      0.500000000    
  0.162000060      0.500000000    
  0.164000034      0.500000000    
  0.166000009      0.500000000    
  0.168000102      0.500000000    
  0.170000076      0.500000000    
  0.172000051      0.500000000    
  0.174000025      0.500000000    
  0.175999999      0.500000000    
  0.178000093      0.500000000    
  0.180000067      0.500000000    
  0.182000041      0.500000000    
  0.184000015      0.500000000    
  0.186000109      0.500000000    
  0.188000083      0.500000000    
  0.190000057      0.500000000    
  0.192000031      0.500000000    
  0.194000006      0.500000000    
  0.196000099      0.500000000    
  0.198000073      0.500000000    
  0.200000048      0.500000000    
  0.202000022      0.500000000    
  0.204000115      0.500000000    
  0.206000090      0.500000000    
  0.208000064      0.500000000    
  0.210000038      0.500000000    
  0.212000012      0.500000000    
  0.214000106      0.500000000    
  0.216000080      0.500000000    
  0.218000054      0.500000000    
  0.220000029      0.500000000    
  0.222000003      0.500000000    
  0.224000096      0.500000000    
  0.226000071      0.500000000    
  0.228000045      0.500000000    
  0.230000019      0.500000000    
  0.232000113      0.500000000    
  0.234000087      0.500000000    
  0.236000061      0.500000000    
  0.238000035      0.500000000    
  0.240000010      0.500000000    
  0.242000103      0.500000000    
  0.244000077      0.500000000    
  0.246000051      0.500000000    
  0.248000026      0.500000000    
  0.250000000      0.500000000    
  0.252000093      0.500000000    
  0.254000068      0.500000000    
  0.256000042      0.500000000    
  0.258000016      0.500000000    
  0.260000110      0.500000000    
  0.262000084      0.500000000    
  0.264000058      0.500000000    
  0.266000032      0.500000000    
  0.268000007      0.500000000    
  0.270000100      0.500000000    
  0.272000074      0.500000000    
  0.274000049      0.500000000    
  0.276000023      0.500000000    
  0.278000116      0.500000000    
  0.280000091      0.500000000    
  0.282000065      0.500000000    
  0.284000039      0.500000000    
  0.286000013      0.500000000    
  0.288000107      0.500000000    
  0.290000081      0.500000000    
  0.292000055      0.500000000    
  0.294000030      0.500000000    
  0.296000004      0.500000000    
  0.298000097      0.500000000    
  0.300000072      0.500000000    
  0.302000046      0.500000000    
  0.304000020      0.500000000    
  0.306000113      0.500000000    
  0.308000088      0.500000000    
  0.310000062      0.500000000    
  0.312000036      0.500000000    
  0.314000010      0.500000000    
  0.316000104      0.500000000    
  0.318000078      0.500000000    
  0.320000052      0.500000000    
  0.322000027      0.500000000    
  0.324000120      0.500000000    
  0.326000094      0.500000000    
  0.328000069      0.500000000    
  0.330000043      0.500000000    
  0.332000017      0.500000000    
  0.334000111      0.500000000    
  0.336000085      0.500000000    
  0.338000059      0.500000000    
  0.340000033      0.500000000    
  0.342000008      0.500000000    
  0.344000101      0.500000000    
  0.346000075      0.500000000    
  0.348000050      0.500000000    
  0.350000024      0.500000000    
  0.352000117      0.500000000    
  0.354000092      0.500000000    
  0.356000066      0.500000000    
  0.358000040      0.500000000    
  0.360000014      0.500000000    
  0.362000108      0.500000000    
  0.364000082      0.500000000    
  0.366000056      0.500000000    
  0.368000031      0.500000000    
  0.370000124      0.500000000    
  0.372000098      0.500000000    
  0.374000072      0.500000000    
  0.376000047      0.500000000    
  0.378000021      0.500000000    
  0.380000114      0.500000000    
  0.382000089      0.500000000    
  0.384000063      0.500000000    
  0.386000037      0.500000000    
  0.388000011      0.500000000    
  0.390000105      0.500000000    
  0.392000079      0.500000000    
  0.394000053      0.500000000    
  0.396000028      0.500000000    
  0.398000121      0.500000000    
  0.400000095      0.500000000    
  0.402000070      0.500000000    
  0.404000044      0.500000000    
  0.406000018      0.500000000    
  0.408000112      0.500000000    
  0.410000086      0.500000000    
  0.412000060      0.500000000    
  0.414000034      0.500000000    
  0.416000009      0.500000000    
  0.418000102      0.500000000    
  0.420000076      0.500000000    
  0.422000051      0.500000000    
  0.424000025      0.500000000    
  0.426000118      0.500000000    
  0.428000093      0.500000000    
  0.430000067      0.500000000    
  0.432000041      0.500000000    
  0.434000015      0.500000000    
  0.436000109      0.500000000    
  0.438000083      0.500000000    
  0.440000057      0.500000000    
  0.442000031      0.500000000    
  0.444000125      0.500000000    
  0.446000099      0.500000000    
  0.448000073      0.500000000    
  0.450000048      0.500000000    
  0.452000022      0.500000000    
  0.454000115      0.500000000    
  0.456000090      0.500000000    
  0.458000064      0.500000000    
  0.460000038      0.499999940    
  0.462000012      0.499999940    
  0.464000106      0.499999881    
  0.466000080      0.499999881    
  0.468000054      0.499999821    
  0.470000029      0.499999821    
  0.472000122      0.499999762    
  0.474000096      0.499999762    
  0.476000071      0.499999583    
  0.478000045      0.499999583    
  0.480000019      0.499999106    
  0.482000113      0.499999106    
  0.484000087      0.499997914    
  0.486000061      0.499997914    
  0.488000035      0.499995083    
  0.490000129      0.499995083    
  0.492000103      0.499988377    
  0.494000077      0.499988377    
  0.496000051      0.499972939    
  0.498000026      0.499972939    
  0.500000119      0.499937981    
  0.502000093      0.499937952    
  0.504000068      0.499860138    
  0.506000042      0.499860078    
  0.508000016      0.499689192    
  0.510000110      0.499689162    
  0.512000084      0.499318987    
  0.514000058      0.499318957    
  0.516000032      0.498527855    
  0.518000126      0.498527795    
  0.520000100      0.496859223    
  0.522000074      0.496859252    
  0.524000049      0.493392020    
  0.526000023      0.493392050    
  0.528000116      0.486327380    
  0.530000091      0.486327350    
  0.532000065      0.472360879    
  0.534000039      0.472360849    
  0.536000013      0.446121991    
  0.538000107      0.446122050    
  0.540000081      0.400915384    
  0.542000055      0.400915474    
  0.544000030      0.333013713    
  0.546000123      0.333013892    
  0.548000097      0.248754233    
  0.550000072      0.248754501    
  0.552000046      0.165223449    
  0.554000020      0.165223718    
  0.556000113       9.87268910E-02
  0.558000088       9.87271070E-02
  0.560000062       5.44733666E-02
  0.562000036       5.44735044E-02
  0.564000130       2.84960866E-02
  0.566000104       2.84961667E-02
  0.568000078       1.44045465E-02
  0.570000052       1.44045893E-02
  0.572000027       7.11455289E-03
  0.574000120       7.11457524E-03
  0.576000094       3.45225213E-03
  0.578000069       3.45226331E-03
  0.580000043       1.64923759E-03
  0.582000017       1.64924329E-03
  0.584000111       7.75931170E-04
  0.586000085       7.75934022E-04
  0.588000059       3.59300815E-04
  0.590000033       3.59302154E-04
  0.592000127       1.63582328E-04
  0.594000101       1.63582939E-04
  0.596000075       7.31355103E-05
  0.598000050       7.31357868E-05
  0.600000024       3.20688087E-05
  0.602000117       3.20689360E-05
  0.604000092       1.37738389E-05
  0.606000066       1.37738934E-05
  0.608000040       5.78786285E-06
  0.610000134       5.78788604E-06
  0.612000108       2.37667336E-06
  0.614000082       2.37668291E-06
  0.616000056       9.52642381E-07
  0.618000031       9.52646474E-07
  0.620000124       3.72343038E-07
  0.622000098       3.72344687E-07
  0.624000072       1.41766435E-07
  0.626000047       1.41767089E-07
  0.628000021       5.25292627E-08
  0.630000114       5.25295043E-08
  0.632000089       1.89243750E-08
  0.634000063       1.89244638E-08
  0.636000037       6.62276545E-09
  0.638000131       6.62279653E-09
  0.640000105       2.24940200E-09
  0.642000079       2.24941266E-09
  0.644000053       7.40834505E-10
  0.646000028       7.40837947E-10
  0.648000121       2.36384634E-10
  0.650000095       2.36385717E-10
  0.652000070       7.30090710E-11
  0.654000044       7.30094041E-11
  0.656000137       2.18074517E-11
  0.658000112       2.18075488E-11
  0.660000086       6.29371208E-12
  0.662000060       6.29373940E-12
  0.664000034       1.75337848E-12
  0.666000128       1.75338606E-12
  0.668000102       4.71076140E-13
  0.670000076       4.71078092E-13
  0.672000051       1.21931734E-13
  0.674000025       1.21932249E-13
  0.676000118       3.03736528E-14
  0.678000093       3.03737883E-14
  0.680000067       7.27367775E-15
  0.682000041       7.27371163E-15
  0.684000134       1.67256820E-15
  0.686000109       1.67257656E-15
  0.688000083       3.68852594E-16
  0.690000057       3.68854526E-16
  0.692000031       7.79100574E-17
  0.694000125       7.79104677E-17
  0.696000099       1.57398177E-17
  0.698000073       1.57399037E-17
  0.700000048       3.03683645E-18
  0.702000022       3.03685383E-18
  0.704000115       5.58674167E-19
  0.706000090       5.58677269E-19
  0.708000064       9.78260111E-20
  0.710000038       9.78265539E-20
  0.712000132       1.62737010E-20
  0.714000106       1.62737995E-20
  0.716000080       2.56659806E-21
  0.718000054       2.56661421E-21
  0.720000029       3.82900588E-22
  0.722000122       3.82902986E-22
  0.724000096       5.38998743E-23
  0.726000071       5.39002340E-23
  0.728000045       7.13944047E-24
  0.730000138       7.13948623E-24
  0.732000113       8.87113137E-25
  0.734000087       8.87119152E-25
  0.736000061       1.03046823E-25
  0.738000035       1.03047520E-25
  0.740000129       1.11465245E-26
  0.742000103       1.11465984E-26
  0.744000077       1.11781051E-27
  0.746000051       1.11781812E-27
  0.748000026       1.03397256E-28
  0.750000119       1.03397967E-28
  0.752000093       8.76990481E-30
  0.754000068       8.76996350E-30
  0.756000042       6.77345048E-31
  0.758000135       6.77349703E-31
  0.760000110       4.72456423E-32
  0.762000084       4.72459391E-32
  0.764000058       2.94643316E-33
  0.766000032       2.94645355E-33
  0.768000126       1.62267559E-34
  0.770000100       1.62268684E-34
  0.772000074       7.76855116E-36
  0.774000049       7.76860282E-36
  0.776000142       3.16722645E-37
  0.778000116       3.16724595E-37
  0.780000091       1.06912150E-38
  0.782000065       1.06912851E-38
  0.784000039       2.86857006E-40
  0.786000133       2.86861210E-40
  0.788000107       5.73551461E-42
  0.790000081       5.73411332E-42
  0.792000055       7.70714155E-44
  0.794000030       7.56701171E-44
  0.796000123       0.00000000    
  0.798000097       1.40129846E-45
  0.800000072       0.00000000    
  0.802000046       0.00000000    
  0.804000139       0.00000000    
  0.806000113       0.00000000    
  0.808000088       0.00000000    
  0.810000062       0.00000000    
  0.812000036       0.00000000    
  0.814000130       0.00000000    
  0.816000104       0.00000000    
  0.818000078       0.00000000    
  0.820000052       0.00000000    
  0.822000146       0.00000000    
  0.824000120       0.00000000    
  0.826000094       0.00000000    
  0.828000069       0.00000000    
  0.830000043       0.00000000    
  0.832000136       0.00000000    
  0.834000111       0.00000000    
  0.836000085       0.00000000    
  0.838000059       0.00000000    
  0.840000033       0.00000000    
  0.842000127       0.00000000    
  0.844000101       0.00000000    
  0.846000075       0.00000000    
  0.848000050       0.00000000    
  0.850000143       0.00000000    
  0.852000117       0.00000000    
  0.854000092       0.00000000    
  0.856000066       0.00000000    
  0.858000040       0.00000000    
  0.860000134       0.00000000    
  0.862000108       0.00000000    
  0.864000082       0.00000000    
  0.866000056       0.00000000    
  0.868000031       0.00000000    
  0.870000124       0.00000000    
  0.872000098       0.00000000    
  0.874000072       0.00000000    
  0.876000047       0.00000000    
  0.878000140       0.00000000    
  0.880000114       0.00000000    
  0.882000089       0.00000000    
  0.884000063       0.00000000    
  0.886000037       0.00000000    
  0.888000131       0.00000000    
  0.890000105       0.00000000    
  0.892000079       0.00000000    
  0.894000053       0.00000000    
  0.896000147       0.00000000    
  0.898000121       0.00000000    
  0.900000095       0.00000000    
  0.902000070       0.00000000    
  0.904000044       0.00000000    
  0.906000137       0.00000000    
  0.908000112       0.00000000    
  0.910000086       0.00000000    
  0.912000060       0.00000000    
  0.914000034       0.00000000    
  0.916000128       0.00000000    
  0.918000102       0.00000000    
  0.920000076       0.00000000    
  0.922000051       0.00000000    
  0.924000144       0.00000000    
  0.926000118       0.00000000    
  0.928000093       0.00000000    
  0.930000067       0.00000000    
  0.932000041       0.00000000    
  0.934000134       0.00000000    
  0.936000109       0.00000000    
  0.938000083       0.00000000    
  0.940000057       0.00000000    
  0.942000151       0.00000000    
  0.944000125       0.00000000    
  0.946000099       0.00000000    
  0.948000073       0.00000000    
  0.950000048       0.00000000    
  0.952000141       0.00000000    
  0.954000115       0.00000000    
  0.956000090       0.00000000    
  0.958000064       0.00000000    
  0.960000038       0.00000000    
  0.962000132       0.00000000    
  0.964000106       0.00000000    
  0.966000080       0.00000000    
  0.968000054       0.00000000    
  0.970000148       0.00000000    
  0.972000122       0.00000000    
  0.974000096       0.00000000    
  0.976000071       0.00000000    
  0.978000045       0.00000000    
  0.980000138       0.00000000    
  0.982000113       0.00000000    
  0.984000087       0.00000000    
  0.986000061       0.00000000    
  0.988000035       0.00000000    
  0.990000129       0.00000000    
  0.992000103       0.00000000    
  0.994000077       0.00000000    
  0.996000051       0.00000000    
  0.998000145       0.00000000    
