  -1.00000000       0.00000000    
 -0.998000026       2.80259693E-45
 -0.995999992       0.00000000    
 -0.994000018       2.80259693E-45
 -0.991999984       0.00000000    
 -0.990000010       2.80259693E-45
 -0.987999976       0.00000000    
 -0.986000001       2.80259693E-45
 -0.984000027       0.00000000    
 -0.981999993       2.80259693E-45
 -0.980000019       0.00000000    
 -0.977999985       2.80259693E-45
 -0.976000011       0.00000000    
 -0.973999977       2.80259693E-45
 -0.972000003       0.00000000    
 -0.970000029       2.80259693E-45
 -0.967999995       0.00000000    
 -0.966000021       2.80259693E-45
 -0.963999987       0.00000000    
 -0.962000012       2.80259693E-45
 -0.959999979       0.00000000    
 -0.958000004       4.20389539E-45
 -0.955999970       1.40129846E-45
 -0.953999996       1.12103877E-44
 -0.952000022       8.40779079E-45
 -0.949999988       6.58610278E-44
 -0.948000014       6.16571324E-44
 -0.945999980       4.34402524E-43
 -0.944000006       4.31599927E-43
 -0.941999972       2.90489172E-42
 -0.939999998       2.90208912E-42
 -0.938000023       1.89777851E-41
 -0.935999990       1.89735812E-41
 -0.934000015       1.20623772E-40
 -0.931999981       1.20619568E-40
 -0.930000007       7.45682761E-40
 -0.927999973       7.45668748E-40
 -0.925999999       4.48534199E-39
 -0.924000025       4.48527332E-39
 -0.921999991       2.62650640E-38
 -0.920000017       2.62646941E-38
 -0.917999983       1.49802886E-37
 -0.916000009       1.49800756E-37
 -0.913999975       8.32584554E-37
 -0.912000000       8.32572985E-37
 -0.909999967       4.51130144E-36
 -0.907999992       4.51123831E-36
 -0.906000018       2.38413443E-35
 -0.903999984       2.38410085E-35
 -0.902000010       1.22941028E-34
 -0.899999976       1.22939341E-34
 -0.898000002       6.18834685E-34
 -0.896000028       6.18826052E-34
 -0.893999994       3.04180285E-33
 -0.892000020       3.04176006E-33
 -0.889999986       1.46058332E-32
 -0.888000011       1.46056290E-32
 -0.885999978       6.85353115E-32
 -0.884000003       6.85343593E-32
 -0.881999969       3.14371388E-31
 -0.879999995       3.14367015E-31
 -0.878000021       1.41011390E-30
 -0.875999987       1.41009444E-30
 -0.874000013       6.18706537E-30
 -0.871999979       6.18697998E-30
 -0.870000005       2.65623205E-29
 -0.868000031       2.65619533E-29
 -0.865999997       1.11615537E-28
 -0.863999963       1.11614020E-28
 -0.861999989       4.59179591E-28
 -0.860000014       4.59173573E-28
 -0.857999980       1.84993968E-27
 -0.856000006       1.84991580E-27
 -0.853999972       7.30067657E-27
 -0.851999998       7.30058104E-27
 -0.850000024       2.82298405E-26
 -0.847999990       2.82294738E-26
 -0.845999956       1.06979178E-25
 -0.843999982       1.06977809E-25
 -0.842000008       3.97409043E-25
 -0.839999974       3.97403965E-25
 -0.838000000       1.44751243E-24
 -0.835999966       1.44749419E-24
 -0.833999991       5.17068859E-24
 -0.832000017       5.17062351E-24
 -0.829999983       1.81179088E-23
 -0.828000009       1.81176848E-23
 -0.825999975       6.22860148E-23
 -0.824000001       6.22852259E-23
 -0.822000027       2.10127049E-22
 -0.819999993       2.10124399E-22
 -0.817999959       6.95770068E-22
 -0.815999985       6.95761283E-22
 -0.814000010       2.26163640E-21
 -0.811999977       2.26160792E-21
 -0.810000002       7.21824137E-21
 -0.807999969       7.21815009E-21
 -0.805999994       2.26238970E-20
 -0.804000020       2.26236095E-20
 -0.801999986       6.96472957E-20
 -0.800000012       6.96464104E-20
 -0.797999978       2.10626628E-19
 -0.796000004       2.10623952E-19
 -0.793999970       6.25840095E-19
 -0.791999996       6.25832289E-19
 -0.789999962       1.82734992E-18
 -0.787999988       1.82732717E-18
 -0.786000013       5.24388585E-18
 -0.783999979       5.24382133E-18
 -0.782000005       1.47917992E-17
 -0.779999971       1.47916172E-17
 -0.777999997       4.10190991E-17
 -0.776000023       4.10186028E-17
 -0.773999989       1.11842813E-16
 -0.771999955       1.11841449E-16
 -0.769999981       2.99877880E-16
 -0.768000007       2.99874280E-16
 -0.765999973       7.90771854E-16
 -0.763999999       7.90762484E-16
 -0.761999965       2.05108096E-15
 -0.759999990       2.05105661E-15
 -0.758000016       5.23349640E-15
 -0.755999982       5.23343542E-15
 -0.754000008       1.31380214E-14
 -0.751999974       1.31378690E-14
 -0.750000000       3.24523902E-14
 -0.748000026       3.24520142E-14
 -0.745999992       7.88842732E-14
 -0.743999958       7.88833788E-14
 -0.741999984       1.88715824E-13
 -0.740000010       1.88713709E-13
 -0.737999976       4.44371346E-13
 -0.736000001       4.44366495E-13
 -0.733999968       1.03002557E-12
 -0.731999993       1.03001440E-12
 -0.730000019       2.35048417E-12
 -0.727999985       2.35045924E-12
 -0.725999951       5.28099786E-12
 -0.723999977       5.28094322E-12
 -0.722000003       1.16832811E-11
 -0.720000029       1.16831631E-11
 -0.717999995       2.54532576E-11
 -0.715999961       2.54530095E-11
 -0.713999987       5.46122661E-11
 -0.712000012       5.46117596E-11
 -0.709999979       1.15409834E-10
 -0.707999945       1.15408794E-10
 -0.705999970       2.40235720E-10
 -0.703999996       2.40233583E-10
 -0.702000022       4.92617558E-10
 -0.699999988       4.92613228E-10
 -0.697999954       9.95162619E-10
 -0.695999980       9.95154181E-10
 -0.694000006       1.98072247E-09
 -0.691999972       1.98070627E-09
 -0.689999998       3.88446342E-09
 -0.687999964       3.88443233E-09
 -0.685999990       7.50667795E-09
 -0.684000015       7.50661933E-09
 -0.681999981       1.42956740E-08
 -0.679999948       1.42955638E-08
 -0.677999973       2.68306604E-08
 -0.675999999       2.68304596E-08
 -0.674000025       4.96314456E-08
 -0.671999991       4.96310975E-08
 -0.669999957       9.04918664E-08
 -0.667999983       9.04912412E-08
 -0.666000009       1.62635928E-07
 -0.663999975       1.62634834E-07
 -0.661999941       2.88140541E-07
 -0.659999967       2.88138637E-07
 -0.657999992       5.03267529E-07
 -0.656000018       5.03264346E-07
 -0.653999984       8.66613277E-07
 -0.651999950       8.66607934E-07
 -0.649999976       1.47132278E-06
 -0.648000002       1.47131379E-06
 -0.646000028       2.46303466E-06
 -0.643999994       2.46302034E-06
 -0.641999960       4.06570780E-06
 -0.639999986       4.06568552E-06
 -0.638000011       6.61801278E-06
 -0.635999978       6.61797822E-06
 -0.633999944       1.06234866E-05
 -0.631999969       1.06234329E-05
 -0.629999995       1.68180813E-05
 -0.628000021       1.68179995E-05
 -0.625999987       2.62589620E-05
 -0.623999953       2.62588401E-05
 -0.621999979       4.04382445E-05
 -0.620000005       4.04380626E-05
 -0.617999971       6.14246892E-05
 -0.615999997       6.14244345E-05
 -0.613999963       9.20349557E-05
 -0.611999989       9.20345847E-05
 -0.610000014       1.36033603E-04
 -0.607999980       1.36033093E-04
 -0.605999947       1.98357942E-04
 -0.603999972       1.98357229E-04
 -0.601999998       2.85359332E-04
 -0.600000024       2.85358401E-04
 -0.597999990       4.05047962E-04
 -0.595999956       4.05046711E-04
 -0.593999982       5.67322539E-04
 -0.592000008       5.67320967E-04
 -0.589999974       7.84162548E-04
 -0.587999940       7.84160453E-04
 -0.585999966       1.06975622E-03
 -0.583999991       1.06975355E-03
 -0.582000017       1.44053833E-03
 -0.579999983       1.44053507E-03
 -0.577999949       1.91511319E-03
 -0.575999975       1.91510911E-03
 -0.574000001       2.51404336E-03
 -0.571999967       2.51403847E-03
 -0.569999993       3.25949909E-03
 -0.567999959       3.25949257E-03
 -0.565999985       4.17476846E-03
 -0.564000010       4.17476054E-03
 -0.561999977       5.28365327E-03
 -0.559999943       5.28364396E-03
 -0.557999969       6.60977745E-03
 -0.555999994       6.60976674E-03
 -0.554000020       8.17585550E-03
 -0.551999986       8.17584246E-03
 -0.549999952       1.00029660E-02
 -0.547999978       1.00029511E-02
 -0.546000004       1.21098887E-02
 -0.543999970       1.21098729E-02
 -0.541999936       1.45125445E-02
 -0.539999962       1.45125268E-02
 -0.537999988       1.72235705E-02
 -0.536000013       1.72235519E-02
 -0.533999979       2.02520508E-02
 -0.531999946       2.02520322E-02
 -0.529999971       2.36034226E-02
 -0.527999997       2.36034039E-02
 -0.525999963       2.72795297E-02
 -0.523999989       2.72795092E-02
 -0.521999955       3.12788077E-02
 -0.519999981       3.12787853E-02
 -0.518000007       3.55965868E-02
 -0.515999973       3.55965607E-02
 -0.513999939       4.02254723E-02
 -0.511999965       4.02254462E-02
 -0.509999990       4.51557525E-02
 -0.508000016       4.51557301E-02
 -0.505999982       5.03758639E-02
 -0.503999949       5.03758416E-02
 -0.501999974       5.58728017E-02
 -0.500000000       5.58727793E-02
 -0.497999966       6.16325289E-02
 -0.495999992       6.16325103E-02
 -0.493999958       6.76403567E-02
 -0.491999984       6.76403418E-02
 -0.489999950       7.38812685E-02
 -0.487999976       7.38812461E-02
 -0.486000001       8.03401545E-02
 -0.483999968       8.03401321E-02
 -0.481999993       8.70020762E-02
 -0.479999959       8.70020539E-02
 -0.477999985       9.38524306E-02
 -0.475999951       9.38524008E-02
 -0.473999977      0.100877069    
 -0.472000003      0.100877039    
 -0.469999969      0.108062416    
 -0.467999995      0.108062387    
 -0.465999961      0.115395501    
 -0.463999987      0.115395471    
 -0.461999953      0.122864015    
 -0.459999979      0.122863978    
 -0.457999945      0.130456299    
 -0.455999970      0.130456254    
 -0.453999996      0.138161376    
 -0.451999962      0.138161331    
 -0.449999988      0.145968899    
 -0.447999954      0.145968884    
 -0.445999980      0.153869182    
 -0.443999946      0.153869152    
 -0.441999972      0.161853030    
 -0.439999998      0.161853030    
 -0.437999964      0.169911891    
 -0.435999990      0.169911891    
 -0.433999956      0.178037629    
 -0.431999981      0.178037629    
 -0.429999948      0.186222628    
 -0.427999973      0.186222628    
 -0.425999999      0.194459617    
 -0.423999965      0.194459617    
 -0.421999991      0.202741697    
 -0.419999957      0.202741697    
 -0.417999983      0.211062297    
 -0.415999949      0.211062297    
 -0.413999975      0.219415084    
 -0.412000000      0.219415069    
 -0.409999967      0.227793947    
 -0.407999992      0.227793932    
 -0.405999959      0.236192927    
 -0.403999984      0.236192927    
 -0.401999950      0.244606197    
 -0.399999976      0.244606227    
 -0.397999942      0.253028035    
 -0.395999968      0.253028065    
 -0.393999994      0.261452675    
 -0.391999960      0.261452705    
 -0.389999986      0.269874424    
 -0.387999952      0.269874454    
 -0.385999978      0.278287470    
 -0.383999944      0.278287470    
 -0.381999969      0.286685854    
 -0.379999995      0.286685824    
 -0.377999961      0.295063496    
 -0.375999987      0.295063466    
 -0.373999953      0.303414106    
 -0.371999979      0.303414077    
 -0.369999945      0.311731100    
 -0.367999971      0.311731070    
 -0.365999997      0.320007563    
 -0.363999963      0.320007563    
 -0.361999989      0.328236252    
 -0.359999955      0.328236252    
 -0.357999980      0.336409420    
 -0.355999947      0.336409420    
 -0.353999972      0.344518900    
 -0.351999998      0.344518840    
 -0.349999964      0.352555811    
 -0.347999990      0.352555782    
 -0.345999956      0.360510826    
 -0.343999982      0.360510826    
 -0.341999948      0.368373871    
 -0.339999974      0.368373871    
 -0.337999940      0.376134127    
 -0.335999966      0.376134098    
 -0.333999991      0.383779883    
 -0.331999958      0.383779854    
 -0.329999983      0.391298711    
 -0.327999949      0.391298711    
 -0.325999975      0.398677289    
 -0.323999941      0.398677230    
 -0.321999967      0.405901313    
 -0.319999993      0.405901283    
 -0.317999959      0.412955672    
 -0.315999985      0.412955642    
 -0.313999951      0.419824362    
 -0.311999977      0.419824302    
 -0.309999943      0.426490605    
 -0.307999969      0.426490545    
 -0.305999994      0.432936966    
 -0.303999960      0.432936937    
 -0.301999986      0.439145595    
 -0.299999952      0.439145595    
 -0.297999978      0.445098341    
 -0.295999944      0.445098370    
 -0.293999970      0.450777203    
 -0.291999996      0.450777262    
 -0.289999962      0.456164718    
 -0.287999988      0.456164747    
 -0.285999954      0.461244226    
 -0.283999979      0.461244285    
 -0.281999946      0.466000855    
 -0.279999971      0.466000915    
 -0.277999938      0.470421672    
 -0.275999963      0.470421731    
 -0.273999989      0.474496543    
 -0.271999955      0.474496603    
 -0.269999981      0.478218794    
 -0.267999947      0.478218883    
 -0.265999973      0.481585741    
 -0.263999939      0.481585830    
 -0.261999965      0.484599054    
 -0.259999990      0.484599173    
 -0.257999957      0.487265229    
 -0.255999982      0.487265319    
 -0.253999949      0.489595473    
 -0.251999974      0.489595562    
 -0.249999940      0.491605729    
 -0.247999966      0.491605818    
 -0.245999992      0.493316203    
 -0.243999958      0.493316233    
 -0.241999984      0.494750589    
 -0.239999950      0.494750619    
 -0.237999976      0.495935380    
 -0.235999942      0.495935440    
 -0.233999968      0.496898621    
 -0.231999993      0.496898651    
 -0.229999959      0.497669071    
 -0.227999985      0.497669101    
 -0.225999951      0.498275071    
 -0.223999977      0.498275101    
 -0.221999943      0.498743594    
 -0.219999969      0.498743653    
 -0.217999935      0.499099553    
 -0.215999961      0.499099582    
 -0.213999987      0.499365151    
 -0.211999953      0.499365181    
 -0.209999979      0.499559790    
 -0.207999945      0.499559790    
 -0.205999970      0.499699831    
 -0.203999937      0.499699801    
 -0.201999962      0.499798715    
 -0.199999988      0.499798715    
 -0.197999954      0.499867260    
 -0.195999980      0.499867290    
 -0.193999946      0.499913901    
 -0.191999972      0.499913901    
 -0.189999938      0.499944985    
 -0.187999964      0.499944985    
 -0.185999990      0.499965310    
 -0.183999956      0.499965310    
 -0.181999981      0.499978364    
 -0.179999948      0.499978364    
 -0.177999973      0.499986559    
 -0.175999939      0.499986559    
 -0.173999965      0.499991566    
 -0.171999931      0.499991566    
 -0.169999957      0.499994606    
 -0.167999983      0.499994606    
 -0.165999949      0.499996364    
 -0.163999975      0.499996364    
 -0.161999941      0.499997348    
 -0.159999967      0.499997348    
 -0.157999933      0.499997824    
 -0.155999959      0.499997824    
 -0.153999984      0.499998063    
 -0.151999950      0.499998063    
 -0.149999976      0.499998122    
 -0.147999942      0.499998122    
 -0.145999968      0.499998152    
 -0.143999934      0.499998152    
 -0.141999960      0.499998182    
 -0.139999986      0.499998182    
 -0.137999952      0.499998212    
 -0.135999978      0.499998212    
 -0.133999944      0.499998242    
 -0.131999969      0.499998242    
 -0.129999936      0.499998271    
 -0.127999961      0.499998271    
 -0.125999987      0.499998301    
 -0.123999953      0.499998301    
 -0.121999979      0.499998331    
 -0.119999945      0.499998331    
 -0.117999971      0.499998361    
 -0.115999937      0.499998361    
 -0.113999963      0.499998391    
 -0.111999929      0.499998391    
 -0.109999955      0.499998420    
 -0.107999980      0.499998420    
 -0.105999947      0.499998450    
 -0.103999972      0.499998450    
 -0.101999938      0.499998480    
  -9.99999642E-02  0.499998480    
  -9.79999304E-02  0.499998510    
  -9.59999561E-02  0.499998510    
  -9.39999819E-02  0.499998540    
  -9.19999480E-02  0.499998540    
  -8.99999738E-02  0.499998569    
  -8.79999399E-02  0.499998569    
  -8.59999657E-02  0.499998599    
  -8.39999318E-02  0.499998599    
  -8.19999576E-02  0.499998629    
  -7.99999833E-02  0.499998629    
  -7.79999495E-02  0.499998659    
  -7.59999752E-02  0.499998659    
  -7.39999413E-02  0.499998689    
  -7.19999671E-02  0.499998689    
  -6.99999332E-02  0.499998719    
  -6.79999590E-02  0.499998719    
  -6.59999847E-02  0.499998748    
  -6.39999509E-02  0.499998748    
  -6.19999766E-02  0.499998778    
  -5.99999428E-02  0.499998778    
  -5.79999685E-02  0.499998808    
  -5.59999347E-02  0.499998808    
  -5.39999604E-02  0.499998838    
  -5.19999266E-02  0.499998838    
  -4.99999523E-02  0.499998868    
  -4.79999781E-02  0.499998868    
  -4.59999442E-02  0.499998897    
  -4.39999700E-02  0.499998897    
  -4.19999361E-02  0.499998927    
  -3.99999619E-02  0.499998927    
  -3.79999280E-02  0.499998957    
  -3.59999537E-02  0.499998957    
  -3.39999795E-02  0.499998987    
  -3.19999456E-02  0.499998987    
  -2.99999714E-02  0.499999017    
  -2.79999375E-02  0.499999017    
  -2.59999633E-02  0.499999046    
  -2.39999294E-02  0.499999046    
  -2.19999552E-02  0.499999076    
  -1.99999809E-02  0.499999076    
  -1.79999471E-02  0.499999106    
  -1.59999728E-02  0.499999106    
  -1.39999390E-02  0.499999136    
  -1.19999647E-02  0.499999136    
  -9.99993086E-03  0.499999166    
  -7.99995661E-03  0.499999166    
  -5.99998236E-03  0.499999195    
  -3.99994850E-03  0.499999195    
  -1.99997425E-03  0.499999225    
   0.00000000      0.499999225    
   2.00009346E-03  0.499999255    
   4.00006771E-03  0.499999255    
   6.00004196E-03  0.499999285    
   8.00001621E-03  0.499999285    
   9.99999046E-03  0.499999315    
   1.20000839E-02  0.499999315    
   1.40000582E-02  0.499999344    
   1.60000324E-02  0.499999344    
   1.80000067E-02  0.499999374    
   2.00001001E-02  0.499999374    
   2.20000744E-02  0.499999404    
   2.40000486E-02  0.499999404    
   2.60000229E-02  0.499999434    
   2.79999971E-02  0.499999434    
   3.00000906E-02  0.499999464    
   3.20000648E-02  0.499999464    
   3.40000391E-02  0.499999493    
   3.60000134E-02  0.499999493    
   3.80001068E-02  0.499999523    
   4.00000811E-02  0.499999523    
   4.20000553E-02  0.499999553    
   4.40000296E-02  0.499999553    
   4.60000038E-02  0.499999583    
   4.80000973E-02  0.499999583    
   5.00000715E-02  0.499999613    
   5.20000458E-02  0.499999613    
   5.40000200E-02  0.499999642    
   5.59999943E-02  0.499999642    
   5.80000877E-02  0.499999672    
   6.00000620E-02  0.499999672    
   6.20000362E-02  0.499999702    
   6.40000105E-02  0.499999702    
   6.60001040E-02  0.499999732    
   6.80000782E-02  0.499999732    
   7.00000525E-02  0.499999762    
   7.20000267E-02  0.499999762    
   7.40000010E-02  0.499999791    
   7.60000944E-02  0.499999791    
   7.80000687E-02  0.499999821    
   8.00000429E-02  0.499999821    
   8.20000172E-02  0.499999851    
   8.40001106E-02  0.499999851    
   8.60000849E-02  0.499999881    
   8.80000591E-02  0.499999881    
   9.00000334E-02  0.499999911    
   9.20000076E-02  0.499999911    
   9.40001011E-02  0.499999940    
   9.60000753E-02  0.499999940    
   9.80000496E-02  0.499999970    
  0.100000024      0.499999970    
  0.101999998      0.500000000    
  0.104000092      0.500000000    
  0.106000066      0.500000000    
  0.108000040      0.500000000    
  0.110000014      0.500000000    
  0.112000108      0.500000000    
  0.114000082      0.500000000    
  0.116000056      0.500000000    
  0.118000031      0.500000000    
  0.120000005      0.500000000    
  0.122000098      0.500000000    
  0.124000072      0.500000000    
  0.126000047      0.500000000    
  0.128000021      0.500000000    
  0.129999995      0.500000000    
  0.132000089      0.500000000    
  0.134000063      0.500000000    
  0.136000037      0.500000000    
  0.138000011      0.500000000    
  0.140000105      0.500000000    
  0.142000079      0.500000000    
  0.144000053      0.500000000    
  0.146000028      0.500000000    
  0.148000002      0.500000000    
  0.150000095      0.500000000    
  0.152000070      0.500000000    
  0.154000044      0.500000000    
  0.156000018      0.500000000    
  0.158000112      0.500000000    
  0.160000086      0.500000000    
  0.162000060      0.500000000    
  0.164000034      0.500000000    
  0.166000009      0.500000000    
  0.168000102      0.500000000    
  0.170000076      0.500000000    
  0.172000051      0.500000000    
  0.174000025      0.500000000    
  0.175999999      0.500000000    
  0.178000093      0.500000000    
  0.180000067      0.500000000    
  0.182000041      0.500000000    
  0.184000015      0.500000000    
  0.186000109      0.500000000    
  0.188000083      0.500000000    
  0.190000057      0.500000000    
  0.192000031      0.500000000    
  0.194000006      0.500000000    
  0.196000099      0.500000000    
  0.198000073      0.500000000    
  0.200000048      0.500000000    
  0.202000022      0.500000000    
  0.204000115      0.500000000    
  0.206000090      0.500000000    
  0.208000064      0.500000000    
  0.210000038      0.500000000    
  0.212000012      0.500000000    
  0.214000106      0.500000000    
  0.216000080      0.500000000    
  0.218000054      0.500000000    
  0.220000029      0.500000000    
  0.222000003      0.500000000    
  0.224000096      0.500000000    
  0.226000071      0.500000000    
  0.228000045      0.500000000    
  0.230000019      0.500000000    
  0.232000113      0.500000000    
  0.234000087      0.500000000    
  0.236000061      0.500000000    
  0.238000035      0.500000000    
  0.240000010      0.500000000    
  0.242000103      0.500000000    
  0.244000077      0.500000000    
  0.246000051      0.500000000    
  0.248000026      0.500000000    
  0.250000000      0.500000000    
  0.252000093      0.500000000    
  0.254000068      0.500000000    
  0.256000042      0.500000000    
  0.258000016      0.500000000    
  0.260000110      0.500000000    
  0.262000084      0.500000000    
  0.264000058      0.500000000    
  0.266000032      0.500000000    
  0.268000007      0.500000000    
  0.270000100      0.500000000    
  0.272000074      0.500000000    
  0.274000049      0.500000000    
  0.276000023      0.500000000    
  0.278000116      0.500000000    
  0.280000091      0.500000000    
  0.282000065      0.500000000    
  0.284000039      0.500000000    
  0.286000013      0.500000000    
  0.288000107      0.500000000    
  0.290000081      0.500000000    
  0.292000055      0.500000000    
  0.294000030      0.500000000    
  0.296000004      0.500000000    
  0.298000097      0.500000000    
  0.300000072      0.500000000    
  0.302000046      0.500000000    
  0.304000020      0.500000000    
  0.306000113      0.500000000    
  0.308000088      0.500000000    
  0.310000062      0.500000000    
  0.312000036      0.500000000    
  0.314000010      0.500000000    
  0.316000104      0.500000000    
  0.318000078      0.500000000    
  0.320000052      0.500000000    
  0.322000027      0.500000000    
  0.324000120      0.500000000    
  0.326000094      0.500000000    
  0.328000069      0.500000000    
  0.330000043      0.500000000    
  0.332000017      0.500000000    
  0.334000111      0.500000000    
  0.336000085      0.500000000    
  0.338000059      0.500000000    
  0.340000033      0.500000000    
  0.342000008      0.500000000    
  0.344000101      0.500000000    
  0.346000075      0.500000000    
  0.348000050      0.500000000    
  0.350000024      0.500000000    
  0.352000117      0.500000000    
  0.354000092      0.500000000    
  0.356000066      0.500000000    
  0.358000040      0.500000000    
  0.360000014      0.500000000    
  0.362000108      0.500000000    
  0.364000082      0.500000000    
  0.366000056      0.500000000    
  0.368000031      0.500000000    
  0.370000124      0.500000000    
  0.372000098      0.500000000    
  0.374000072      0.500000000    
  0.376000047      0.500000000    
  0.378000021      0.500000000    
  0.380000114      0.500000000    
  0.382000089      0.500000000    
  0.384000063      0.500000000    
  0.386000037      0.500000000    
  0.388000011      0.500000000    
  0.390000105      0.500000000    
  0.392000079      0.500000000    
  0.394000053      0.500000000    
  0.396000028      0.500000000    
  0.398000121      0.500000000    
  0.400000095      0.500000000    
  0.402000070      0.500000000    
  0.404000044      0.500000000    
  0.406000018      0.500000000    
  0.408000112      0.500000000    
  0.410000086      0.500000000    
  0.412000060      0.500000000    
  0.414000034      0.500000000    
  0.416000009      0.500000000    
  0.418000102      0.500000000    
  0.420000076      0.500000000    
  0.422000051      0.500000000    
  0.424000025      0.500000000    
  0.426000118      0.500000000    
  0.428000093      0.500000000    
  0.430000067      0.500000000    
  0.432000041      0.500000000    
  0.434000015      0.500000000    
  0.436000109      0.500000000    
  0.438000083      0.500000000    
  0.440000057      0.500000000    
  0.442000031      0.500000000    
  0.444000125      0.500000000    
  0.446000099      0.500000000    
  0.448000073      0.500000000    
  0.450000048      0.500000000    
  0.452000022      0.500000000    
  0.454000115      0.500000000    
  0.456000090      0.500000000    
  0.458000064      0.500000000    
  0.460000038      0.499999940    
  0.462000012      0.499999940    
  0.464000106      0.499999881    
  0.466000080      0.499999881    
  0.468000054      0.499999821    
  0.470000029      0.499999821    
  0.472000122      0.499999762    
  0.474000096      0.499999762    
  0.476000071      0.499999702    
  0.478000045      0.499999702    
  0.480000019      0.499999642    
  0.482000113      0.499999642    
  0.484000087      0.499999583    
  0.486000061      0.499999583    
  0.488000035      0.499999523    
  0.490000129      0.499999523    
  0.492000103      0.499999464    
  0.494000077      0.499999464    
  0.496000051      0.499999404    
  0.498000026      0.499999404    
  0.500000119      0.499999344    
  0.502000093      0.499999344    
  0.504000068      0.499999285    
  0.506000042      0.499999285    
  0.508000016      0.499999225    
  0.510000110      0.499999225    
  0.512000084      0.499999166    
  0.514000058      0.499999166    
  0.516000032      0.499999106    
  0.518000126      0.499999106    
  0.520000100      0.499998927    
  0.522000074      0.499998927    
  0.524000049      0.499998480    
  0.526000023      0.499998480    
  0.528000116      0.499997526    
  0.530000091      0.499997526    
  0.532000065      0.499995500    
  0.534000039      0.499995500    
  0.536000013      0.499991208    
  0.538000107      0.499991208    
  0.540000081      0.499982297    
  0.542000055      0.499982297    
  0.544000030      0.499963909    
  0.546000123      0.499963939    
  0.548000097      0.499926120    
  0.550000072      0.499926150    
  0.552000046      0.499848634    
  0.554000020      0.499848694    
  0.556000113      0.499690264    
  0.558000088      0.499690354    
  0.560000062      0.499367356    
  0.562000036      0.499367416    
  0.564000130      0.498710573    
  0.566000104      0.498710632    
  0.568000078      0.497379422    
  0.570000052      0.497379512    
  0.572000027      0.494696349    
  0.574000120      0.494696438    
  0.576000094      0.489341229    
  0.578000069      0.489341319    
  0.580000043      0.478848696    
  0.582000017      0.478848785    
  0.584000111      0.458994150    
  0.586000085      0.458994299    
  0.588000059      0.423733056    
  0.590000033      0.423733354    
  0.592000127      0.367467433    
  0.594000101      0.367467850    
  0.596000075      0.290993959    
  0.598000050      0.290994525    
  0.600000024      0.206368700    
  0.602000117      0.206369296    
  0.604000092      0.131221995    
  0.606000066      0.131222501    
  0.608000040       7.63753876E-02
  0.610000134       7.63757452E-02
  0.612000108       4.18343358E-02
  0.614000082       4.18345518E-02
  0.616000056       2.20810696E-02
  0.618000031       2.20811926E-02
  0.620000124       1.14108101E-02
  0.622000098       1.14108752E-02
  0.624000072       5.82709350E-03
  0.626000047       5.82712656E-03
  0.628000021       2.95515079E-03
  0.630000114       2.95516755E-03
  0.632000089       1.49198831E-03
  0.634000063       1.49199693E-03
  0.636000037       7.50723819E-04
  0.638000131       7.50728301E-04
  0.640000105       3.76595824E-04
  0.642000079       3.76598211E-04
  0.644000053       1.88334976E-04
  0.646000028       1.88336184E-04
  0.648000121       9.38711382E-05
  0.650000095       9.38717494E-05
  0.652000070       4.66134006E-05
  0.654000044       4.66137062E-05
  0.656000137       2.30498317E-05
  0.658000112       2.30499936E-05
  0.660000086       1.13444985E-05
  0.662000060       1.13445794E-05
  0.664000034       5.55436736E-06
  0.666000128       5.55440693E-06
  0.668000102       2.70383998E-06
  0.670000076       2.70385976E-06
  0.672000051       1.30794047E-06
  0.674000025       1.30795001E-06
  0.676000118       6.28376483E-07
  0.678000093       6.28381144E-07
  0.680000067       2.99670887E-07
  0.682000041       2.99673133E-07
  0.684000134       1.41786444E-07
  0.686000109       1.41787481E-07
  0.688000083       6.65226594E-08
  0.690000057       6.65231497E-08
  0.692000031       3.09340074E-08
  0.694000125       3.09342347E-08
  0.696000099       1.42504852E-08
  0.698000073       1.42505892E-08
  0.700000048       6.50060716E-09
  0.702000022       6.50065379E-09
  0.704000115       2.93509217E-09
  0.706000090       2.93511304E-09
  0.708000064       1.31115740E-09
  0.710000038       1.31116673E-09
  0.712000132       5.79273463E-10
  0.714000106       5.79277515E-10
  0.716000080       2.53015386E-10
  0.718000054       2.53017163E-10
  0.720000029       1.09217344E-10
  0.722000122       1.09218114E-10
  0.724000096       4.65770408E-11
  0.726000071       4.65773704E-11
  0.728000045       1.96177484E-11
  0.730000138       1.96178889E-11
  0.732000113       8.15814256E-12
  0.734000087       8.15820154E-12
  0.736000061       3.34866748E-12
  0.738000035       3.34869155E-12
  0.740000129       1.35634603E-12
  0.742000103       1.35635611E-12
  0.744000077       5.41964531E-13
  0.746000051       5.41968597E-13
  0.748000026       2.13580415E-13
  0.750000119       2.13582068E-13
  0.752000093       8.29916648E-14
  0.754000068       8.29923288E-14
  0.756000042       3.17896547E-14
  0.758000135       3.17899122E-14
  0.760000110       1.20009026E-14
  0.762000084       1.20010042E-14
  0.764000058       4.46395892E-15
  0.766000032       4.46399704E-15
  0.768000126       1.63571602E-15
  0.770000100       1.63573010E-15
  0.772000074       5.90312931E-16
  0.774000049       5.90318013E-16
  0.776000142       2.09773189E-16
  0.778000116       2.09775028E-16
  0.780000091       7.33869412E-17
  0.782000065       7.33876095E-17
  0.784000039       2.52695438E-17
  0.786000133       2.52697788E-17
  0.788000107       8.56239137E-18
  0.790000081       8.56247078E-18
  0.792000055       2.85444230E-18
  0.794000030       2.85446857E-18
  0.796000123       9.36021038E-19
  0.798000097       9.36029723E-19
  0.800000072       3.01854336E-19
  0.802000046       3.01857179E-19
  0.804000139       9.57118667E-20
  0.806000113       9.57127391E-20
  0.808000088       2.98331283E-20
  0.810000062       2.98334062E-20
  0.812000036       9.13911631E-21
  0.814000130       9.13920032E-21
  0.816000104       2.75098522E-21
  0.818000078       2.75101087E-21
  0.820000052       8.13497347E-22
  0.822000146       8.13504970E-22
  0.824000120       2.36271616E-22
  0.826000094       2.36273863E-22
  0.828000069       6.73839684E-23
  0.830000043       6.73846247E-23
  0.832000136       1.88665078E-23
  0.834000111       1.88666940E-23
  0.836000085       5.18459108E-24
  0.838000059       5.18464354E-24
  0.840000033       1.39804641E-24
  0.842000127       1.39806071E-24
  0.844000101       3.69833548E-25
  0.846000075       3.69837369E-25
  0.848000050       9.59532071E-26
  0.850000143       9.59542117E-26
  0.852000117       2.44100897E-26
  0.854000092       2.44103485E-26
  0.856000066       6.08724826E-27
  0.858000040       6.08731412E-27
  0.860000134       1.48763451E-27
  0.862000108       1.48765098E-27
  0.864000082       3.56183217E-28
  0.866000056       3.56187117E-28
  0.868000031       8.35270581E-29
  0.870000124       8.35279789E-29
  0.872000098       1.91790965E-29
  0.874000072       1.91793102E-29
  0.876000047       4.31065063E-30
  0.878000140       4.31069803E-30
  0.880000114       9.48053873E-31
  0.882000089       9.48064406E-31
  0.884000063       2.03965150E-31
  0.886000037       2.03967454E-31
  0.888000131       4.29105279E-32
  0.890000105       4.29110128E-32
  0.892000079       8.82476743E-33
  0.894000053       8.82486809E-33
  0.896000147       1.77343361E-33
  0.898000121       1.77345455E-33
  0.900000095       3.48123984E-34
  0.902000070       3.48128047E-34
  0.904000044       6.67249394E-35
  0.906000137       6.67257200E-35
  0.908000112       1.24824227E-35
  0.910000086       1.24825719E-35
  0.912000060       2.27813750E-36
  0.914000034       2.27816531E-36
  0.916000128       4.05449814E-37
  0.918000102       4.05454792E-37
  0.920000076       7.03343817E-38
  0.922000051       7.03352561E-38
  0.924000144       1.18866586E-38
  0.926000118       1.18868127E-38
  0.928000093       1.95610616E-39
  0.930000067       1.95613278E-39
  0.932000041       3.13279890E-40
  0.934000134       3.13286896E-40
  0.936000109       4.88016203E-41
  0.938000083       4.88044229E-41
  0.940000057       7.38904680E-42
  0.942000151       7.39184940E-42
  0.944000125       1.08600631E-42
  0.946000099       1.09021021E-42
  0.948000073       1.54142831E-43
  0.950000048       1.56945428E-43
  0.952000141       2.10194770E-44
  0.954000115       2.38220739E-44
  0.956000090       2.80259693E-45
  0.958000064       5.60519386E-45
  0.960000038       0.00000000    
  0.962000132       2.80259693E-45
  0.964000106       0.00000000    
  0.966000080       2.80259693E-45
  0.968000054       0.00000000    
  0.970000148       2.80259693E-45
  0.972000122       0.00000000    
  0.974000096       2.80259693E-45
  0.976000071       0.00000000    
  0.978000045       2.80259693E-45
  0.980000138       0.00000000    
  0.982000113       2.80259693E-45
  0.984000087       0.00000000    
  0.986000061       2.80259693E-45
  0.988000035       0.00000000    
  0.990000129       2.80259693E-45
  0.992000103       0.00000000    
  0.994000077       2.80259693E-45
  0.996000051       0.00000000    
  0.998000145       2.80259693E-45
