  -1.00000000       5.63523513E-20
 -0.998000026       5.90626215E-20
 -0.995999992       3.06504183E-20
 -0.994000018       3.60269565E-20
 -0.991999984       2.26064439E-20
 -0.990000010       3.32102224E-20
 -0.987999976       2.68971896E-20
 -0.986000001       4.76858443E-20
 -0.984000027       4.47283667E-20
 -0.981999993       8.52409040E-20
 -0.980000019       8.38605334E-20
 -0.977999985       1.62339055E-19
 -0.976000011       1.61695870E-19
 -0.973999977       3.12813186E-19
 -0.972000003       3.12511446E-19
 -0.970000029       6.01768312E-19
 -0.967999995       6.01620971E-19
 -0.966000021       1.15200203E-18
 -0.963999987       1.15191849E-18
 -0.962000012       2.19293604E-18
 -0.959999979       2.19286738E-18
 -0.958000004       4.15023149E-18
 -0.955999970       4.15014298E-18
 -0.953999996       7.80868590E-18
 -0.952000022       7.80853866E-18
 -0.949999988       1.46063950E-17
 -0.948000014       1.46061270E-17
 -0.945999980       2.71625748E-17
 -0.944000006       2.71620884E-17
 -0.941999972       5.02187636E-17
 -0.939999998       5.02178703E-17
 -0.938000023       9.23065867E-17
 -0.935999990       9.23049522E-17
 -0.934000015       1.68684547E-16
 -0.931999981       1.68681569E-16
 -0.930000007       3.06477220E-16
 -0.927999973       3.06471820E-16
 -0.925999999       5.53612211E-16
 -0.924000025       5.53602523E-16
 -0.921999991       9.94264532E-16
 -0.920000017       9.94247379E-16
 -0.917999983       1.77537989E-15
 -0.916000009       1.77534951E-15
 -0.913999975       3.15193940E-15
 -0.912000000       3.15188562E-15
 -0.909999967       5.56372533E-15
 -0.907999992       5.56363088E-15
 -0.906000018       9.76469746E-15
 -0.903999984       9.76453314E-15
 -0.902000010       1.70396720E-14
 -0.899999976       1.70393891E-14
 -0.898000002       2.95649362E-14
 -0.896000028       2.95644484E-14
 -0.893999994       5.10046547E-14
 -0.892000020       5.10038246E-14
 -0.889999986       8.74910631E-14
 -0.888000011       8.74896537E-14
 -0.885999978       1.49225277E-13
 -0.884000003       1.49222892E-13
 -0.881999969       2.53075230E-13
 -0.879999995       2.53071218E-13
 -0.878000021       4.26765340E-13
 -0.875999987       4.26758726E-13
 -0.874000013       7.15590564E-13
 -0.871999979       7.15579560E-13
 -0.870000005       1.19310757E-12
 -0.868000031       1.19308946E-12
 -0.865999997       1.97805184E-12
 -0.863999963       1.97802235E-12
 -0.861999989       3.26093623E-12
 -0.860000014       3.26088917E-12
 -0.857999980       5.34560764E-12
 -0.856000006       5.34553218E-12
 -0.853999972       8.71375628E-12
 -0.851999998       8.71363572E-12
 -0.850000024       1.41244204E-11
 -0.847999990       1.41242296E-11
 -0.845999956       2.27664901E-11
 -0.843999982       2.27661882E-11
 -0.842000008       3.64909422E-11
 -0.839999974       3.64904773E-11
 -0.838000000       5.81622112E-11
 -0.835999966       5.81614826E-11
 -0.833999991       9.21863696E-11
 -0.832000017       9.21852455E-11
 -0.829999983       1.45300022E-10
 -0.828000009       1.45298315E-10
 -0.825999975       2.27740854E-10
 -0.824000001       2.27738273E-10
 -0.822000027       3.54973217E-10
 -0.819999993       3.54969332E-10
 -0.817999959       5.50215318E-10
 -0.815999985       5.50209545E-10
 -0.814000010       8.48115855E-10
 -0.811999977       8.48107196E-10
 -0.810000002       1.30006805E-09
 -0.807999969       1.30005517E-09
 -0.805999994       1.98183847E-09
 -0.804000020       1.98181938E-09
 -0.801999986       3.00444736E-09
 -0.800000012       3.00441938E-09
 -0.797999978       4.52958027E-09
 -0.796000004       4.52953941E-09
 -0.793999970       6.79127155E-09
 -0.791999996       6.79121159E-09
 -0.789999962       1.01262057E-08
 -0.787999988       1.01261186E-08
 -0.786000013       1.50157735E-08
 -0.783999979       1.50156474E-08
 -0.782000005       2.21440288E-08
 -0.779999971       2.21438476E-08
 -0.777999997       3.24770149E-08
 -0.776000023       3.24767591E-08
 -0.773999989       4.73705839E-08
 -0.771999955       4.73702251E-08
 -0.769999981       6.87158845E-08
 -0.768000007       6.87153801E-08
 -0.765999973       9.91342688E-08
 -0.763999999       9.91335725E-08
 -0.761999965       1.42236573E-07
 -0.759999990       1.42235592E-07
 -0.758000016       2.02965367E-07
 -0.755999982       2.02964017E-07
 -0.754000008       2.88043623E-07
 -0.751999974       2.88041775E-07
 -0.750000000       4.06558058E-07
 -0.748000026       4.06555586E-07
 -0.745999992       5.70712359E-07
 -0.743999958       5.70709005E-07
 -0.741999984       7.96791539E-07
 -0.740000010       7.96786935E-07
 -0.737999976       1.10638723E-06
 -0.736000001       1.10638098E-06
 -0.733999968       1.52794200E-06
 -0.731999993       1.52793370E-06
 -0.730000019       2.09867994E-06
 -0.727999985       2.09866857E-06
 -0.725999951       2.86699742E-06
 -0.723999977       2.86698264E-06
 -0.722000003       3.89540401E-06
 -0.720000029       3.89538491E-06
 -0.717999995       5.26409940E-06
 -0.715999961       5.26407393E-06
 -0.713999987       7.07528989E-06
 -0.712000012       7.07525669E-06
 -0.709999979       9.45834836E-06
 -0.707999945       9.45830470E-06
 -0.705999970       1.25759170E-05
 -0.703999996       1.25758606E-05
 -0.702000022       1.66310529E-05
 -0.699999988       1.66309801E-05
 -0.697999954       2.18755013E-05
 -0.695999980       2.18754085E-05
 -0.694000006       2.86191789E-05
 -0.691999972       2.86190643E-05
 -0.689999998       3.72408904E-05
 -0.687999964       3.72407485E-05
 -0.685999990       4.82002943E-05
 -0.684000015       4.82001160E-05
 -0.681999981       6.20510837E-05
 -0.679999948       6.20508654E-05
 -0.677999973       7.94552834E-05
 -0.675999999       7.94549996E-05
 -0.674000025       1.01198435E-04
 -0.671999991       1.01198086E-04
 -0.669999957       1.28205589E-04
 -0.667999983       1.28205153E-04
 -0.666000009       1.61557560E-04
 -0.663999975       1.61557007E-04
 -0.661999941       2.02507144E-04
 -0.659999967       2.02506475E-04
 -0.657999992       2.52494909E-04
 -0.656000018       2.52494094E-04
 -0.653999984       3.13163648E-04
 -0.651999950       3.13162658E-04
 -0.649999976       3.86371248E-04
 -0.648000002       3.86370026E-04
 -0.646000028       4.74200817E-04
 -0.643999994       4.74199362E-04
 -0.641999960       5.78967854E-04
 -0.639999986       5.78966166E-04
 -0.638000011       7.03223341E-04
 -0.635999978       7.03221303E-04
 -0.633999944       8.49751988E-04
 -0.631999969       8.49749718E-04
 -0.629999995       1.02156587E-03
 -0.628000021       1.02156331E-03
 -0.625999987       1.22189196E-03
 -0.623999953       1.22188893E-03
 -0.621999979       1.45415356E-03
 -0.620000005       1.45415007E-03
 -0.617999971       1.72194606E-03
 -0.615999997       1.72194198E-03
 -0.613999963       2.02900707E-03
 -0.611999989       2.02900241E-03
 -0.610000014       2.37918040E-03
 -0.607999980       2.37917528E-03
 -0.605999947       2.77637620E-03
 -0.603999972       2.77637038E-03
 -0.601999998       3.22452607E-03
 -0.600000024       3.22451955E-03
 -0.597999990       3.72753642E-03
 -0.595999956       3.72752920E-03
 -0.593999982       4.28923918E-03
 -0.592000008       4.28923126E-03
 -0.589999974       4.91334498E-03
 -0.587999940       4.91333613E-03
 -0.585999966       5.60339121E-03
 -0.583999991       5.60338190E-03
 -0.582000017       6.36270223E-03
 -0.579999983       6.36269245E-03
 -0.577999949       7.19434349E-03
 -0.575999975       7.19433278E-03
 -0.574000001       8.10108799E-03
 -0.571999967       8.10107682E-03
 -0.569999993       9.08538233E-03
 -0.567999959       9.08537116E-03
 -0.565999985       1.01493280E-02
 -0.564000010       1.01493169E-02
 -0.561999977       1.12946574E-02
 -0.559999943       1.12946453E-02
 -0.557999969       1.25227273E-02
 -0.555999994       1.25227142E-02
 -0.554000020       1.38345137E-02
 -0.551999986       1.38344988E-02
 -0.549999952       1.52306147E-02
 -0.547999978       1.52305998E-02
 -0.546000004       1.67112611E-02
 -0.543999970       1.67112462E-02
 -0.541999936       1.82763319E-02
 -0.539999962       1.82763170E-02
 -0.537999988       1.99253671E-02
 -0.536000013       1.99253522E-02
 -0.533999979       2.16575935E-02
 -0.531999946       2.16575786E-02
 -0.529999971       2.34719552E-02
 -0.527999997       2.34719403E-02
 -0.525999963       2.53671370E-02
 -0.523999989       2.53671221E-02
 -0.521999955       2.73415912E-02
 -0.519999981       2.73415744E-02
 -0.518000007       2.93935686E-02
 -0.515999973       2.93935500E-02
 -0.513999939       3.15211453E-02
 -0.511999965       3.15211266E-02
 -0.509999990       3.37222591E-02
 -0.508000016       3.37222368E-02
 -0.505999982       3.59947309E-02
 -0.503999949       3.59947085E-02
 -0.501999974       3.83362845E-02
 -0.500000000       3.83362621E-02
 -0.497999966       4.07445915E-02
 -0.495999992       4.07445692E-02
 -0.493999958       4.32172567E-02
 -0.491999984       4.32172343E-02
 -0.489999950       4.57518809E-02
 -0.487999976       4.57518622E-02
 -0.486000001       4.83460501E-02
 -0.483999968       4.83460315E-02
 -0.481999993       5.09973578E-02
 -0.479999959       5.09973392E-02
 -0.477999985       5.37034273E-02
 -0.475999951       5.37034087E-02
 -0.473999977       5.64619079E-02
 -0.472000003       5.64618893E-02
 -0.469999969       5.92705011E-02
 -0.467999995       5.92704751E-02
 -0.465999961       6.21269457E-02
 -0.463999987       6.21269159E-02
 -0.461999953       6.50290549E-02
 -0.459999979       6.50290251E-02
 -0.457999945       6.79747164E-02
 -0.455999970       6.79746866E-02
 -0.453999996       7.09618554E-02
 -0.451999962       7.09618330E-02
 -0.449999988       7.39884824E-02
 -0.447999954       7.39884600E-02
 -0.445999980       7.70526975E-02
 -0.443999946       7.70526752E-02
 -0.441999972       8.01526457E-02
 -0.439999998       8.01526234E-02
 -0.437999964       8.32865760E-02
 -0.435999990       8.32865536E-02
 -0.433999956       8.64527896E-02
 -0.431999981       8.64527747E-02
 -0.429999948       8.96496698E-02
 -0.427999973       8.96496549E-02
 -0.425999999       9.28756669E-02
 -0.423999965       9.28756520E-02
 -0.421999991       9.61293057E-02
 -0.419999957       9.61292908E-02
 -0.417999983       9.94091853E-02
 -0.415999949       9.94091704E-02
 -0.413999975      0.102713950    
 -0.412000000      0.102713943    
 -0.409999967      0.106042340    
 -0.407999992      0.106042333    
 -0.405999959      0.109393120    
 -0.403999984      0.109393112    
 -0.401999950      0.112765148    
 -0.399999976      0.112765141    
 -0.397999942      0.116157323    
 -0.395999968      0.116157323    
 -0.393999994      0.119568586    
 -0.391999960      0.119568594    
 -0.389999986      0.122997962    
 -0.387999952      0.122997969    
 -0.385999978      0.126444504    
 -0.383999944      0.126444504    
 -0.381999969      0.129907280    
 -0.379999995      0.129907280    
 -0.377999961      0.133385450    
 -0.375999987      0.133385465    
 -0.373999953      0.136878222    
 -0.371999979      0.136878252    
 -0.369999945      0.140384823    
 -0.367999971      0.140384838    
 -0.365999997      0.143904492    
 -0.363999963      0.143904507    
 -0.361999989      0.147436559    
 -0.359999955      0.147436559    
 -0.357999980      0.150980324    
 -0.355999947      0.150980324    
 -0.353999972      0.154535159    
 -0.351999998      0.154535159    
 -0.349999964      0.158100471    
 -0.347999990      0.158100456    
 -0.345999956      0.161675677    
 -0.343999982      0.161675647    
 -0.341999948      0.165260196    
 -0.339999974      0.165260166    
 -0.337999940      0.168853521    
 -0.335999966      0.168853492    
 -0.333999991      0.172455132    
 -0.331999958      0.172455102    
 -0.329999983      0.176064581    
 -0.327999949      0.176064551    
 -0.325999975      0.179681361    
 -0.323999941      0.179681331    
 -0.321999967      0.183305055    
 -0.319999993      0.183305025    
 -0.317999959      0.186935216    
 -0.315999985      0.186935201    
 -0.313999951      0.190571457    
 -0.311999977      0.190571442    
 -0.309999943      0.194213361    
 -0.307999969      0.194213361    
 -0.305999994      0.197860554    
 -0.303999960      0.197860554    
 -0.301999986      0.201512665    
 -0.299999952      0.201512665    
 -0.297999978      0.205169335    
 -0.295999944      0.205169335    
 -0.293999970      0.208830208    
 -0.291999996      0.208830222    
 -0.289999962      0.212494954    
 -0.287999988      0.212494969    
 -0.285999954      0.216163248    
 -0.283999979      0.216163248    
 -0.281999946      0.219834760    
 -0.279999971      0.219834760    
 -0.277999938      0.223509178    
 -0.275999963      0.223509178    
 -0.273999989      0.227186218    
 -0.271999955      0.227186218    
 -0.269999981      0.230865538    
 -0.267999947      0.230865538    
 -0.265999973      0.234546870    
 -0.263999939      0.234546885    
 -0.261999965      0.238229915    
 -0.259999990      0.238229930    
 -0.257999957      0.241914392    
 -0.255999982      0.241914406    
 -0.253999949      0.245600015    
 -0.251999974      0.245600015    
 -0.249999940      0.249286503    
 -0.247999966      0.249286503    
 -0.245999992      0.252973557    
 -0.243999958      0.252973557    
 -0.241999984      0.256660879    
 -0.239999950      0.256660908    
 -0.237999976      0.260348201    
 -0.235999942      0.260348231    
 -0.233999968      0.264035285    
 -0.231999993      0.264035314    
 -0.229999959      0.267721832    
 -0.227999985      0.267721832    
 -0.225999951      0.271407515    
 -0.223999977      0.271407485    
 -0.221999943      0.275092065    
 -0.219999969      0.275092036    
 -0.217999935      0.278775185    
 -0.215999961      0.278775156    
 -0.213999987      0.282456577    
 -0.211999953      0.282456547    
 -0.209999979      0.286135942    
 -0.207999945      0.286135912    
 -0.205999970      0.289812952    
 -0.203999937      0.289812952    
 -0.201999962      0.293487310    
 -0.199999988      0.293487310    
 -0.197999954      0.297158688    
 -0.195999980      0.297158688    
 -0.193999946      0.300826728    
 -0.191999972      0.300826728    
 -0.189999938      0.304491132    
 -0.187999964      0.304491103    
 -0.185999990      0.308151484    
 -0.183999956      0.308151454    
 -0.181999981      0.311807454    
 -0.179999948      0.311807394    
 -0.177999973      0.315458685    
 -0.175999939      0.315458596    
 -0.173999965      0.319104731    
 -0.171999931      0.319104642    
 -0.169999957      0.322745204    
 -0.167999983      0.322745115    
 -0.165999949      0.326379657    
 -0.163999975      0.326379597    
 -0.161999941      0.330007702    
 -0.159999967      0.330007613    
 -0.157999933      0.333628833    
 -0.155999959      0.333628744    
 -0.153999984      0.337242544    
 -0.151999950      0.337242454    
 -0.149999976      0.340848386    
 -0.147999942      0.340848267    
 -0.145999968      0.344445765    
 -0.143999934      0.344445646    
 -0.141999960      0.348034143    
 -0.139999986      0.348034024    
 -0.137999952      0.351612926    
 -0.135999978      0.351612836    
 -0.133999944      0.355181485    
 -0.131999969      0.355181426    
 -0.129999936      0.358739197    
 -0.127999961      0.358739167    
 -0.125999987      0.362285405    
 -0.123999953      0.362285405    
 -0.121999979      0.365819335    
 -0.119999945      0.365819335    
 -0.117999971      0.369340271    
 -0.115999937      0.369340271    
 -0.113999963      0.372847408    
 -0.111999929      0.372847408    
 -0.109999955      0.376339883    
 -0.107999980      0.376339853    
 -0.105999947      0.379816800    
 -0.103999972      0.379816800    
 -0.101999938      0.383277237    
  -9.99999642E-02  0.383277237    
  -9.79999304E-02  0.386720181    
  -9.59999561E-02  0.386720181    
  -9.39999819E-02  0.390144587    
  -9.19999480E-02  0.390144557    
  -8.99999738E-02  0.393549323    
  -8.79999399E-02  0.393549323    
  -8.59999657E-02  0.396933198    
  -8.39999318E-02  0.396933228    
  -8.19999576E-02  0.400295049    
  -7.99999833E-02  0.400295079    
  -7.79999495E-02  0.403633505    
  -7.59999752E-02  0.403633535    
  -7.39999413E-02  0.406947196    
  -7.19999671E-02  0.406947225    
  -6.99999332E-02  0.410234660    
  -6.79999590E-02  0.410234690    
  -6.59999847E-02  0.413494349    
  -6.39999509E-02  0.413494408    
  -6.19999766E-02  0.416724622    
  -5.99999428E-02  0.416724712    
  -5.79999685E-02  0.419923812    
  -5.59999347E-02  0.419923902    
  -5.39999604E-02  0.423090130    
  -5.19999266E-02  0.423090190    
  -4.99999523E-02  0.426221639    
  -4.79999781E-02  0.426221669    
  -4.59999442E-02  0.429316401    
  -4.39999700E-02  0.429316372    
  -4.19999361E-02  0.432372272    
  -3.99999619E-02  0.432372242    
  -3.79999280E-02  0.435387105    
  -3.59999537E-02  0.435387075    
  -3.39999795E-02  0.438358665    
  -3.19999456E-02  0.438358605    
  -2.99999714E-02  0.441284537    
  -2.79999375E-02  0.441284448    
  -2.59999633E-02  0.444162279    
  -2.39999294E-02  0.444162190    
  -2.19999552E-02  0.446989357    
  -1.99999809E-02  0.446989328    
  -1.79999471E-02  0.449763149    
  -1.59999728E-02  0.449763179    
  -1.39999390E-02  0.452481031    
  -1.19999647E-02  0.452481091    
  -9.99993086E-03  0.455140203    
  -7.99995661E-03  0.455140293    
  -5.99998236E-03  0.457737893    
  -3.99994850E-03  0.457737982    
  -1.99997425E-03  0.460271269    
   0.00000000      0.460271329    
   2.00009346E-03  0.462737501    
   4.00006771E-03  0.462737590    
   6.00004196E-03  0.465133756    
   8.00001621E-03  0.465133846    
   9.99999046E-03  0.467457265    
   1.20000839E-02  0.467457324    
   1.40000582E-02  0.469705224    
   1.60000324E-02  0.469705284    
   1.80000067E-02  0.471875012    
   2.00001001E-02  0.471875072    
   2.20000744E-02  0.473964125    
   2.40000486E-02  0.473964185    
   2.60000229E-02  0.475970209    
   2.79999971E-02  0.475970298    
   3.00000906E-02  0.477891117    
   3.20000648E-02  0.477891207    
   3.40000391E-02  0.479724944    
   3.60000134E-02  0.479725003    
   3.80001068E-02  0.481470048    
   4.00000811E-02  0.481470048    
   4.20000553E-02  0.483125091    
   4.40000296E-02  0.483125091    
   4.60000038E-02  0.484689176    
   4.80000973E-02  0.484689176    
   5.00000715E-02  0.486161709    
   5.20000458E-02  0.486161679    
   5.40000200E-02  0.487542599    
   5.59999943E-02  0.487542570    
   5.80000877E-02  0.488832176    
   6.00000620E-02  0.488832176    
   6.20000362E-02  0.490031183    
   6.40000105E-02  0.490031183    
   6.60001040E-02  0.491140962    
   6.80000782E-02  0.491140962    
   7.00000525E-02  0.492163301    
   7.20000267E-02  0.492163301    
   7.40000010E-02  0.493100405    
   7.60000944E-02  0.493100405    
   7.80000687E-02  0.493954986    
   8.00000429E-02  0.493955016    
   8.20000172E-02  0.494730204    
   8.40001106E-02  0.494730175    
   8.60000849E-02  0.495429546    
   8.80000591E-02  0.495429516    
   9.00000334E-02  0.496056885    
   9.20000076E-02  0.496056885    
   9.40001011E-02  0.496616364    
   9.60000753E-02  0.496616364    
   9.80000496E-02  0.497112393    
  0.100000024      0.497112364    
  0.101999998      0.497549444    
  0.104000092      0.497549415    
  0.106000066      0.497932166    
  0.108000040      0.497932136    
  0.110000014      0.498265177    
  0.112000108      0.498265147    
  0.114000082      0.498553038    
  0.116000056      0.498553008    
  0.118000031      0.498800278    
  0.120000005      0.498800218    
  0.122000098      0.499011189    
  0.124000072      0.499011189    
  0.126000047      0.499189943    
  0.128000021      0.499189913    
  0.129999995      0.499340385    
  0.132000089      0.499340355    
  0.134000063      0.499466151    
  0.136000037      0.499466091    
  0.138000011      0.499570549    
  0.140000105      0.499570489    
  0.142000079      0.499656618    
  0.144000053      0.499656558    
  0.146000028      0.499727011    
  0.148000002      0.499727011    
  0.150000095      0.499784291    
  0.152000070      0.499784291    
  0.154000044      0.499830455    
  0.156000018      0.499830484    
  0.158000112      0.499867439    
  0.160000086      0.499867439    
  0.162000060      0.499896854    
  0.164000034      0.499896854    
  0.166000009      0.499920100    
  0.168000102      0.499920100    
  0.170000076      0.499938279    
  0.172000051      0.499938279    
  0.174000025      0.499952406    
  0.175999999      0.499952406    
  0.178000093      0.499963343    
  0.180000067      0.499963343    
  0.182000041      0.499971688    
  0.184000015      0.499971688    
  0.186000109      0.499978036    
  0.188000083      0.499978036    
  0.190000057      0.499982774    
  0.192000031      0.499982774    
  0.194000006      0.499986321    
  0.196000099      0.499986321    
  0.198000073      0.499988914    
  0.200000048      0.499988914    
  0.202000022      0.499990791    
  0.204000115      0.499990791    
  0.206000090      0.499992102    
  0.208000064      0.499992102    
  0.210000038      0.499993026    
  0.212000012      0.499993026    
  0.214000106      0.499993652    
  0.216000080      0.499993652    
  0.218000054      0.499993980    
  0.220000029      0.499993980    
  0.222000003      0.499994159    
  0.224000096      0.499994159    
  0.226000071      0.499994218    
  0.228000045      0.499994218    
  0.230000019      0.499994248    
  0.232000113      0.499994248    
  0.234000087      0.499994278    
  0.236000061      0.499994278    
  0.238000035      0.499994308    
  0.240000010      0.499994308    
  0.242000103      0.499994338    
  0.244000077      0.499994338    
  0.246000051      0.499994367    
  0.248000026      0.499994367    
  0.250000000      0.499994397    
  0.252000093      0.499994397    
  0.254000068      0.499994427    
  0.256000042      0.499994427    
  0.258000016      0.499994457    
  0.260000110      0.499994457    
  0.262000084      0.499994487    
  0.264000058      0.499994487    
  0.266000032      0.499994516    
  0.268000007      0.499994516    
  0.270000100      0.499994546    
  0.272000074      0.499994546    
  0.274000049      0.499994576    
  0.276000023      0.499994576    
  0.278000116      0.499994606    
  0.280000091      0.499994606    
  0.282000065      0.499994636    
  0.284000039      0.499994636    
  0.286000013      0.499994665    
  0.288000107      0.499994665    
  0.290000081      0.499994695    
  0.292000055      0.499994695    
  0.294000030      0.499994725    
  0.296000004      0.499994725    
  0.298000097      0.499994755    
  0.300000072      0.499994755    
  0.302000046      0.499994785    
  0.304000020      0.499994785    
  0.306000113      0.499994814    
  0.308000088      0.499994814    
  0.310000062      0.499994844    
  0.312000036      0.499994844    
  0.314000010      0.499994874    
  0.316000104      0.499994874    
  0.318000078      0.499994904    
  0.320000052      0.499994904    
  0.322000027      0.499994934    
  0.324000120      0.499994934    
  0.326000094      0.499994963    
  0.328000069      0.499994963    
  0.330000043      0.499994993    
  0.332000017      0.499994993    
  0.334000111      0.499995023    
  0.336000085      0.499995023    
  0.338000059      0.499995053    
  0.340000033      0.499995053    
  0.342000008      0.499995083    
  0.344000101      0.499995083    
  0.346000075      0.499995112    
  0.348000050      0.499995112    
  0.350000024      0.499995142    
  0.352000117      0.499995142    
  0.354000092      0.499995172    
  0.356000066      0.499995172    
  0.358000040      0.499995202    
  0.360000014      0.499995202    
  0.362000108      0.499995232    
  0.364000082      0.499995232    
  0.366000056      0.499995261    
  0.368000031      0.499995261    
  0.370000124      0.499995291    
  0.372000098      0.499995291    
  0.374000072      0.499995321    
  0.376000047      0.499995321    
  0.378000021      0.499995351    
  0.380000114      0.499995351    
  0.382000089      0.499995381    
  0.384000063      0.499995381    
  0.386000037      0.499995410    
  0.388000011      0.499995410    
  0.390000105      0.499995440    
  0.392000079      0.499995440    
  0.394000053      0.499995470    
  0.396000028      0.499995470    
  0.398000121      0.499995500    
  0.400000095      0.499995500    
  0.402000070      0.499995530    
  0.404000044      0.499995530    
  0.406000018      0.499995559    
  0.408000112      0.499995559    
  0.410000086      0.499995589    
  0.412000060      0.499995589    
  0.414000034      0.499995619    
  0.416000009      0.499995619    
  0.418000102      0.499995649    
  0.420000076      0.499995649    
  0.422000051      0.499995679    
  0.424000025      0.499995679    
  0.426000118      0.499995708    
  0.428000093      0.499995708    
  0.430000067      0.499995738    
  0.432000041      0.499995738    
  0.434000015      0.499995768    
  0.436000109      0.499995768    
  0.438000083      0.499995798    
  0.440000057      0.499995798    
  0.442000031      0.499995828    
  0.444000125      0.499995828    
  0.446000099      0.499995857    
  0.448000073      0.499995857    
  0.450000048      0.499995887    
  0.452000022      0.499995887    
  0.454000115      0.499995917    
  0.456000090      0.499995917    
  0.458000064      0.499995947    
  0.460000038      0.499995947    
  0.462000012      0.499995977    
  0.464000106      0.499995977    
  0.466000080      0.499996006    
  0.468000054      0.499996006    
  0.470000029      0.499996036    
  0.472000122      0.499996036    
  0.474000096      0.499996066    
  0.476000071      0.499996066    
  0.478000045      0.499996096    
  0.480000019      0.499996096    
  0.482000113      0.499996126    
  0.484000087      0.499996126    
  0.486000061      0.499996156    
  0.488000035      0.499996156    
  0.490000129      0.499996185    
  0.492000103      0.499996185    
  0.494000077      0.499996215    
  0.496000051      0.499996215    
  0.498000026      0.499996245    
  0.500000119      0.499996245    
  0.502000093      0.499996275    
  0.504000068      0.499996275    
  0.506000042      0.499996305    
  0.508000016      0.499996305    
  0.510000110      0.499996334    
  0.512000084      0.499996334    
  0.514000058      0.499996364    
  0.516000032      0.499996364    
  0.518000126      0.499996394    
  0.520000100      0.499996394    
  0.522000074      0.499996424    
  0.524000049      0.499996424    
  0.526000023      0.499996454    
  0.528000116      0.499996454    
  0.530000091      0.499996483    
  0.532000065      0.499996483    
  0.534000039      0.499996513    
  0.536000013      0.499996513    
  0.538000107      0.499996543    
  0.540000081      0.499996543    
  0.542000055      0.499996573    
  0.544000030      0.499996573    
  0.546000123      0.499996603    
  0.548000097      0.499996603    
  0.550000072      0.499996632    
  0.552000046      0.499996632    
  0.554000020      0.499996662    
  0.556000113      0.499996662    
  0.558000088      0.499996692    
  0.560000062      0.499996692    
  0.562000036      0.499996722    
  0.564000130      0.499996722    
  0.566000104      0.499996752    
  0.568000078      0.499996752    
  0.570000052      0.499996781    
  0.572000027      0.499996781    
  0.574000120      0.499996811    
  0.576000094      0.499996811    
  0.578000069      0.499996841    
  0.580000043      0.499996841    
  0.582000017      0.499996871    
  0.584000111      0.499996871    
  0.586000085      0.499996901    
  0.588000059      0.499996901    
  0.590000033      0.499996930    
  0.592000127      0.499996930    
  0.594000101      0.499996960    
  0.596000075      0.499996960    
  0.598000050      0.499996990    
  0.600000024      0.499996990    
  0.602000117      0.499997020    
  0.604000092      0.499997020    
  0.606000066      0.499997050    
  0.608000040      0.499997050    
  0.610000134      0.499997079    
  0.612000108      0.499997079    
  0.614000082      0.499997109    
  0.616000056      0.499997109    
  0.618000031      0.499997139    
  0.620000124      0.499997139    
  0.622000098      0.499997169    
  0.624000072      0.499997169    
  0.626000047      0.499997199    
  0.628000021      0.499997199    
  0.630000114      0.499997228    
  0.632000089      0.499997228    
  0.634000063      0.499997258    
  0.636000037      0.499997258    
  0.638000131      0.499997288    
  0.640000105      0.499997258    
  0.642000079      0.499997258    
  0.644000053      0.499997199    
  0.646000028      0.499997199    
  0.648000121      0.499997139    
  0.650000095      0.499997139    
  0.652000070      0.499997079    
  0.654000044      0.499997079    
  0.656000137      0.499997020    
  0.658000112      0.499997020    
  0.660000086      0.499996960    
  0.662000060      0.499996960    
  0.664000034      0.499996901    
  0.666000128      0.499996901    
  0.668000102      0.499996752    
  0.670000076      0.499996752    
  0.672000051      0.499996424    
  0.674000025      0.499996424    
  0.676000118      0.499995649    
  0.678000093      0.499995649    
  0.680000067      0.499994040    
  0.682000041      0.499994040    
  0.684000134      0.499990731    
  0.686000109      0.499990731    
  0.688000083      0.499983996    
  0.690000057      0.499983996    
  0.692000031      0.499970287    
  0.694000125      0.499970287    
  0.696000099      0.499942422    
  0.698000073      0.499942422    
  0.700000048      0.499885887    
  0.702000022      0.499885887    
  0.704000115      0.499771297    
  0.706000090      0.499771267    
  0.708000064      0.499539137    
  0.710000038      0.499539077    
  0.712000132      0.499069244    
  0.714000106      0.499069184    
  0.716000080      0.498119801    
  0.718000054      0.498119742    
  0.720000029      0.496207565    
  0.722000122      0.496207505    
  0.724000096      0.492381155    
  0.726000071      0.492381185    
  0.728000045      0.484821886    
  0.730000138      0.484822035    
  0.732000113      0.470256507    
  0.734000087      0.470256865    
  0.736000061      0.443480432    
  0.738000035      0.443481117    
  0.740000129      0.398183703    
  0.742000103      0.398184806    
  0.744000077      0.331102103    
  0.746000051      0.331103712    
  0.748000026      0.248546273    
  0.750000119      0.248548135    
  0.752000093      0.166774601    
  0.754000068      0.166776285    
  0.756000042      0.101245105    
  0.758000135      0.101246357    
  0.760000110       5.70724122E-02
  0.762000084       5.70731983E-02
  0.764000058       3.06815859E-02
  0.766000032       3.06820367E-02
  0.768000126       1.60470400E-02
  0.770000100       1.60472859E-02
  0.772000074       8.26810114E-03
  0.774000049       8.26822966E-03
  0.776000142       4.22657840E-03
  0.778000116       4.22664499E-03
  0.780000091       2.15178588E-03
  0.782000065       2.15181988E-03
  0.784000039       1.09320192E-03
  0.786000133       1.09321927E-03
  0.788000107       5.54801314E-04
  0.790000081       5.54810162E-04
  0.792000055       2.81408487E-04
  0.794000030       2.81413057E-04
  0.796000123       1.42696939E-04
  0.798000097       1.42699268E-04
  0.800000072       7.23481862E-05
  0.802000046       7.23493722E-05
  0.804000139       3.66779386E-05
  0.806000113       3.66785462E-05
  0.808000088       1.85934568E-05
  0.810000062       1.85937643E-05
  0.812000036       9.42538554E-06
  0.814000130       9.42554288E-06
  0.816000104       4.77775120E-06
  0.818000078       4.77783078E-06
  0.820000052       2.42176816E-06
  0.822000146       2.42180840E-06
  0.824000120       1.22750646E-06
  0.826000094       1.22752681E-06
  0.828000069       6.22147695E-07
  0.830000043       6.22158041E-07
  0.832000136       3.15309421E-07
  0.834000111       3.15314651E-07
  0.836000085       1.59789494E-07
  0.838000059       1.59792137E-07
  0.840000033       8.09692580E-08
  0.842000127       8.09705938E-08
  0.844000101       4.10245917E-08
  0.846000075       4.10252632E-08
  0.848000050       2.07831086E-08
  0.850000143       2.07834461E-08
  0.852000117       1.05270637E-08
  0.854000092       1.05272324E-08
  0.856000066       5.33115063E-09
  0.858000040       5.33123456E-09
  0.860000134       2.69920553E-09
  0.862000108       2.69924749E-09
  0.864000082       1.36626377E-09
  0.866000056       1.36628464E-09
  0.868000031       6.91347868E-10
  0.870000124       6.91358359E-10
  0.872000098       3.49703100E-10
  0.874000072       3.49708346E-10
  0.876000047       1.76814494E-10
  0.878000140       1.76817117E-10
  0.880000114       8.93560018E-11
  0.882000089       8.93573202E-11
  0.884000063       4.51321758E-11
  0.886000037       4.51328350E-11
  0.888000131       2.27809438E-11
  0.890000105       2.27812751E-11
  0.892000079       1.14906210E-11
  0.894000053       1.14907866E-11
  0.896000147       5.79111498E-12
  0.898000121       5.79119825E-12
  0.900000095       2.91598646E-12
  0.902000070       2.91602853E-12
  0.904000044       1.46679229E-12
  0.906000137       1.46681332E-12
  0.908000112       7.36994070E-13
  0.910000086       7.37004696E-13
  0.912000060       3.69846813E-13
  0.914000034       3.69852152E-13
  0.916000128       1.85349037E-13
  0.918000102       1.85351720E-13
  0.920000076       9.27503246E-14
  0.922000051       9.27516663E-14
  0.924000144       4.63384688E-14
  0.926000118       4.63391397E-14
  0.928000093       2.31106434E-14
  0.930000067       2.31109823E-14
  0.932000041       1.15045192E-14
  0.934000134       1.15046869E-14
  0.936000109       5.71547001E-15
  0.938000083       5.71555344E-15
  0.940000057       2.83336777E-15
  0.942000151       2.83340928E-15
  0.944000125       1.40139854E-15
  0.946000099       1.40141940E-15
  0.948000073       6.91461953E-16
  0.950000048       6.91472329E-16
  0.952000141       3.40300886E-16
  0.954000115       3.40306048E-16
  0.956000090       1.67027089E-16
  0.958000064       1.67029630E-16
  0.960000038       8.17487644E-17
  0.962000132       8.17500217E-17
  0.964000106       3.98922177E-17
  0.966000080       3.98928431E-17
  0.968000054       1.94066829E-17
  0.970000148       1.94069972E-17
  0.972000122       9.41055590E-18
  0.974000096       9.41072464E-18
  0.976000071       4.54807393E-18
  0.978000045       4.54818560E-18
  0.980000138       2.19049214E-18
  0.982000113       2.19060815E-18
  0.984000087       1.05132154E-18
  0.986000061       1.05150331E-18
  0.988000035       5.02902806E-19
  0.990000129       5.03245518E-19
  0.992000103       2.40034114E-19
  0.994000077       2.40713849E-19
  0.996000051       1.14900169E-19
  0.998000145       1.16259253E-19
